##FastQC	0.11.9
>>Basic Statistics	pass
#Measure	Value
Filename	Tco-182_2.fq.gz
File type	Conventional base calls
Encoding	Sanger / Illumina 1.9
Total Sequences	100000
Sequences flagged as poor quality	0
Sequence length	100
%GC	49
>>END_MODULE
>>Per base sequence quality	pass
#Base	Mean	Median	Lower Quartile	Upper Quartile	10th Percentile	90th Percentile
1	35.17479	37.0	36.0	37.0	31.0	37.0
2	35.21093	37.0	36.0	37.0	31.0	37.0
3	35.36756	37.0	36.0	37.0	31.0	38.0
4	35.34448	37.0	36.0	37.0	31.0	38.0
5	35.26891	37.0	36.0	37.0	31.0	38.0
6	35.18861	37.0	36.0	37.0	30.0	38.0
7	35.1936	37.0	36.0	37.0	31.0	38.0
8	35.30252	37.0	36.0	37.0	31.0	38.0
9	35.21181	37.0	36.0	37.0	31.0	38.0
10-11	35.2061	37.0	36.0	37.0	30.5	38.0
12-13	35.214075	37.0	36.0	37.0	31.0	38.0
14-15	35.156800000000004	37.0	36.0	37.0	30.0	38.0
16-17	35.15524	37.0	36.0	37.0	30.0	38.0
18-19	35.142250000000004	37.0	35.5	37.0	30.0	38.0
20-21	35.07287	37.0	35.0	37.0	30.0	38.0
22-23	35.059349999999995	37.0	35.0	37.0	30.0	38.0
24-25	35.037005	37.0	35.0	37.0	30.0	38.0
26-27	35.011250000000004	37.0	35.0	37.0	30.0	38.0
28-29	34.98601	37.0	35.0	37.0	30.0	38.0
30-31	34.940535	37.0	35.0	37.0	30.0	38.0
32-33	34.905815000000004	37.0	35.0	37.0	29.5	38.0
34-35	34.885	37.0	35.0	37.0	29.0	38.0
36-37	34.842845	37.0	35.0	37.0	29.0	38.0
38-39	34.798100000000005	37.0	35.0	37.0	29.0	38.0
40-41	34.77586	37.0	35.0	37.0	29.0	38.0
42-43	34.695049999999995	37.0	35.0	37.0	29.0	38.0
44-45	34.64244	37.0	35.0	37.0	29.0	38.0
46-47	34.627505	37.0	35.0	37.0	28.5	38.0
48-49	34.52581	37.0	34.5	37.0	28.0	38.0
50-51	34.50054	37.0	35.0	37.0	28.0	38.0
52-53	34.458385	37.0	34.0	37.0	28.0	38.0
54-55	34.389605	37.0	34.0	37.0	28.0	38.0
56-57	34.34496	37.0	34.0	37.0	27.5	38.0
58-59	34.305255	37.0	34.0	37.0	27.0	38.0
60-61	34.2263	37.0	34.0	37.0	27.0	38.0
62-63	34.110535	37.0	34.0	37.0	27.0	38.0
64-65	34.07912	37.0	34.0	37.0	27.0	38.0
66-67	34.06473	37.0	34.0	37.0	27.0	38.0
68-69	33.91993	37.0	33.5	37.0	26.0	38.0
70-71	33.858425	37.0	33.0	37.0	26.0	38.0
72-73	33.834975	37.0	33.0	37.0	26.0	38.0
74-75	33.783379999999994	37.0	33.0	37.0	25.5	38.0
76-77	33.62943	37.0	33.0	37.0	25.0	38.0
78-79	33.614535000000004	37.0	33.0	37.0	25.0	38.0
80-81	33.514125	36.0	33.0	37.0	25.0	38.0
82-83	33.42869	36.0	32.5	37.0	24.5	38.0
84-85	33.343059999999994	36.0	32.0	37.0	24.0	38.0
86-87	33.20009	36.0	32.0	37.0	24.0	38.0
88-89	33.131785	36.0	32.0	37.0	23.5	38.0
90-91	33.04244	36.0	32.0	37.0	23.0	38.0
92-93	32.918594999999996	36.0	32.0	37.0	23.0	38.0
94-95	32.912445	36.0	31.5	37.0	23.0	38.0
96-97	32.782309999999995	36.0	31.0	37.0	22.0	38.0
98-99	32.61288	36.0	31.0	37.0	22.0	37.5
100	32.56431	36.0	31.0	37.0	22.0	37.0
>>END_MODULE
>>Per sequence quality scores	pass
#Quality	Count
21	26.0
22	129.0
23	362.0
24	770.0
25	954.0
26	1325.0
27	1505.0
28	1961.0
29	2439.0
30	3159.0
31	4056.0
32	5635.0
33	8156.0
34	12843.0
35	22934.0
36	32049.0
37	1697.0
>>END_MODULE
>>Per base sequence content	fail
#Base	G	A	T	C
1	41.400999999999996	12.413	8.776	37.41
2	28.77	18.604000000000003	34.497	18.129
3	23.656	22.589000000000002	22.481	31.274
4	27.735	30.623	20.430999999999997	21.211
5	24.661	31.313999999999997	23.729	20.296
6	21.0	33.581	26.151000000000003	19.268
7	19.923	17.604	39.658	22.814999999999998
8	23.75	22.435	27.939000000000004	25.875999999999998
9	23.369	21.528	29.359	25.744
10-11	25.338500000000003	29.795500000000004	21.121000000000002	23.745
12-13	24.65	23.7375	27.1015	24.511
14-15	24.1565	25.75	26.35	23.7435
16-17	25.161	25.34	25.284000000000002	24.215
18-19	25.097	25.554	24.9395	24.4095
20-21	25.108999999999998	25.9765	25.031	23.883499999999998
22-23	25.379	25.9145	24.4635	24.243000000000002
24-25	25.162499999999998	25.716	24.715	24.4065
26-27	24.833	26.0415	25.012	24.1135
28-29	25.1225	25.626500000000004	24.8225	24.4285
30-31	24.928	25.881	25.0435	24.1475
32-33	25.19	25.7925	24.8055	24.212
34-35	25.160500000000003	25.600499999999997	24.7655	24.4735
36-37	24.93	25.689	24.639	24.742
38-39	24.895999999999997	25.556	24.9915	24.5565
40-41	25.1195	25.505499999999998	24.783	24.592
42-43	24.98	25.434	25.069000000000003	24.517
44-45	24.884500000000003	25.4345	25.013	24.668
46-47	25.265500000000003	25.807999999999996	24.6555	24.271
48-49	25.378	25.238	24.543	24.840999999999998
50-51	25.0355	25.534000000000002	24.759	24.671499999999998
52-53	25.435999999999996	25.203500000000002	24.5715	24.789
54-55	25.046499999999998	25.271500000000003	24.858	24.823999999999998
56-57	25.1645	25.372	24.901999999999997	24.5615
58-59	25.375500000000002	25.192999999999998	24.645	24.7865
60-61	25.068	25.3025	24.671000000000003	24.9585
62-63	25.011499999999998	25.1965	25.020999999999997	24.771
64-65	25.101499999999998	25.5535	24.6635	24.6815
66-67	25.200499999999998	25.3365	24.651500000000002	24.8115
68-69	25.2335	25.218	24.936	24.6125
70-71	25.240000000000002	25.229499999999998	24.624499999999998	24.906
72-73	24.942500000000003	24.989	24.9755	25.093
74-75	25.070500000000003	25.205	24.979000000000003	24.7455
76-77	25.239	25.3245	24.669	24.767500000000002
78-79	25.163000000000004	25.144	24.852	24.840999999999998
80-81	24.9895	25.112499999999997	25.208000000000002	24.69
82-83	25.321500000000004	25.1305	24.7185	24.8295
84-85	25.087500000000002	25.043	24.928	24.9415
86-87	25.009500000000003	25.1825	24.832	24.976000000000003
88-89	25.3685	25.291999999999998	24.474999999999998	24.8645
90-91	25.246000000000002	24.8645	24.9945	24.895
92-93	25.0425	25.2425	24.876	24.839
94-95	25.398	25.14	24.694	24.768
96-97	25.4925	25.240499999999997	24.4505	24.8165
98-99	25.295	25.192999999999998	24.7865	24.7255
100	25.666	25.070999999999998	24.071	25.191999999999997
>>END_MODULE
>>Per sequence GC content	pass
#GC Content	Count
0	0.0
1	0.0
2	0.0
3	0.0
4	0.0
5	0.0
6	0.0
7	1.0
8	1.0
9	0.0
10	1.0
11	2.0
12	1.5
13	1.0
14	3.5
15	4.5
16	4.0
17	4.0
18	8.5
19	12.0
20	12.5
21	23.0
22	30.5
23	42.5
24	61.5
25	89.0
26	120.5
27	164.0
28	220.5
29	278.0
30	379.5
31	486.0
32	584.5
33	700.0
34	851.0
35	1034.0
36	1215.5
37	1437.0
38	1661.0
39	1832.5
40	2017.5
41	2271.5
42	2577.0
43	2853.5
44	3143.0
45	3458.0
46	3831.5
47	4093.5
48	4256.5
49	4527.5
50	4680.5
51	4623.0
52	4592.0
53	4450.0
54	4312.0
55	4286.0
56	4057.5
57	3747.5
58	3468.5
59	3238.5
60	2902.5
61	2485.5
62	2099.0
63	1719.0
64	1396.5
65	1056.5
66	791.0
67	595.5
68	404.0
69	275.5
70	179.5
71	119.0
72	71.0
73	47.0
74	35.0
75	21.5
76	15.0
77	11.0
78	6.0
79	4.0
80	3.0
81	2.5
82	1.5
83	1.0
84	2.0
85	2.0
86	1.5
87	0.5
88	0.0
89	0.0
90	0.0
91	0.0
92	0.0
93	0.0
94	0.0
95	0.0
96	0.0
97	0.0
98	0.0
99	0.0
100	0.0
>>END_MODULE
>>Per base N content	pass
#Base	N-Count
1	0.0
2	0.0
3	0.0
4	0.0
5	0.0
6	0.0
7	0.0
8	0.0
9	0.0
10-11	0.0
12-13	0.0
14-15	0.0
16-17	0.0
18-19	0.0
20-21	0.0
22-23	0.0
24-25	0.0
26-27	0.0
28-29	0.0
30-31	0.0
32-33	0.0
34-35	0.0
36-37	0.0
38-39	0.0
40-41	0.0
42-43	0.0
44-45	0.0
46-47	0.0
48-49	0.0
50-51	0.0
52-53	0.0
54-55	0.0
56-57	0.0
58-59	0.0
60-61	0.0
62-63	0.0
64-65	0.0
66-67	0.0
68-69	0.0
70-71	0.0
72-73	0.0
74-75	0.0
76-77	0.0
78-79	0.0
80-81	0.0
82-83	0.0
84-85	0.0
86-87	0.0
88-89	0.0
90-91	0.0
92-93	0.0
94-95	0.0
96-97	0.0
98-99	0.0
100	0.0
>>END_MODULE
>>Sequence Length Distribution	pass
#Length	Count
100	100000.0
>>END_MODULE
>>Sequence Duplication Levels	pass
#Total Deduplicated Percentage	89.661
#Duplication Level	Percentage of deduplicated	Percentage of total
1	93.03152987363514	83.41300000000001
2	5.24642821293539	9.408
3	0.9078640657588026	2.442
4	0.3435161329898172	1.232
5	0.14275995137239156	0.64
6	0.10260871504890644	0.5519999999999999
7	0.07026466356609896	0.441
8	0.033459363602904274	0.24
9	0.02899811512251704	0.234
>10	0.09145559384793835	1.347
>50	0.001115312120096809	0.051000000000000004
>100	0.0	0.0
>500	0.0	0.0
>1k	0.0	0.0
>5k	0.0	0.0
>10k+	0.0	0.0
>>END_MODULE
>>Overrepresented sequences	pass
>>END_MODULE
>>Adapter Content	pass
#Position	Illumina Universal Adapter	Illumina Small RNA 3' Adapter	Illumina Small RNA 5' Adapter	Nextera Transposase Sequence	SOLID Small RNA Adapter
1	0.0	0.0	0.0	0.0	0.0
2	0.0	0.0	0.0	0.0	0.0
3	0.0	0.0	0.0	0.0	0.0
4	0.0	0.0	0.0	0.0	0.0
5	0.0	0.0	0.0	0.0	0.0
6	0.0	0.0	0.0	0.0	0.0
7	0.0	0.0	0.0	0.0	0.0
8	0.0	0.0	0.0	0.0	0.0
9	0.0	0.0	0.0	0.0	0.0
10-11	0.0	0.0	0.0	0.0	0.0
12-13	0.0	0.0	0.0	0.0	0.0
14-15	0.0	0.0	0.0	0.0	0.0
16-17	0.0	0.0	0.0	0.0	0.0
18-19	0.0	0.0	0.0	0.0	0.0
20-21	0.0	0.0	0.0	0.0	0.0
22-23	0.0	0.0	0.0	0.0	0.0
24-25	0.0	0.0	0.0	0.0	0.0
26-27	0.0	0.0	0.0	0.0	0.0
28-29	0.0	0.0	0.0	0.0	0.0
30-31	0.0	0.0	0.0	0.0	0.0
32-33	0.0	0.0	0.0	0.0	0.0
34-35	0.0	0.0	0.0	0.0	0.0
36-37	0.0	0.0	0.0	0.0	0.0
38-39	0.0	0.0	0.0	0.0	0.0
40-41	0.0	0.0	0.0	0.0	0.0
42-43	0.0	0.0	0.0	0.0	0.0
44-45	0.0	0.0	0.0	0.0	0.0
46-47	0.0	0.0	0.0	0.0	0.0
48-49	0.0	0.0	0.0	0.0	0.0
50-51	0.0	0.0	0.0	0.0	0.0
52-53	0.0	0.0	0.0	0.0	0.0
54-55	0.0	0.0	0.0	0.0	0.0
56-57	0.0	0.0	0.0	0.0	0.0
58-59	0.0	0.0	0.0	0.0	0.0
60-61	0.0	0.0	0.0	0.0	0.0
62-63	0.0	0.0	0.0	0.0	0.0
64-65	0.0	0.0	0.0	0.0	0.0
66-67	0.0	0.0	0.0	0.0	0.0
68-69	0.0	0.0	0.0	0.0	0.0
70-71	0.0	0.0	0.0	0.0	0.0
72-73	0.0	0.0	0.0	0.0	0.0
74-75	0.0	0.0	0.0	0.0	0.0
76-77	0.0	0.0	0.0	0.0	0.0
78-79	0.0	0.0	0.0	0.0	0.0
80-81	0.0	0.0	0.0	0.0	0.0
82-83	0.0	0.0	0.0	0.0	0.0
84-85	0.0	0.0	0.0	0.0	0.0
86-87	0.0	0.0	0.0	0.0	0.0
88-89	0.0	0.0	0.0	0.0	0.0
>>END_MODULE
