##FastQC	0.11.9
>>Basic Statistics	pass
#Measure	Value
Filename	Tco-483_2.fq.gz
File type	Conventional base calls
Encoding	Sanger / Illumina 1.9
Total Sequences	100000
Sequences flagged as poor quality	0
Sequence length	100
%GC	50
>>END_MODULE
>>Per base sequence quality	pass
#Base	Mean	Median	Lower Quartile	Upper Quartile	10th Percentile	90th Percentile
1	35.05455	37.0	36.0	37.0	30.0	37.0
2	35.03052	37.0	35.0	37.0	30.0	37.0
3	35.25466	37.0	36.0	37.0	31.0	38.0
4	35.2092	37.0	36.0	37.0	31.0	38.0
5	35.18756	37.0	36.0	37.0	30.0	38.0
6	34.97191	37.0	35.0	37.0	30.0	38.0
7	34.98243	37.0	35.0	37.0	30.0	37.0
8	35.09488	37.0	35.0	37.0	30.0	38.0
9	35.05861	37.0	35.0	37.0	30.0	38.0
10-11	35.030694999999994	37.0	35.0	37.0	30.0	38.0
12-13	35.05991	37.0	35.0	37.0	30.0	38.0
14-15	35.040555	37.0	35.0	37.0	30.0	38.0
16-17	34.975674999999995	37.0	35.0	37.0	30.0	38.0
18-19	35.006685000000004	37.0	35.0	37.0	30.0	38.0
20-21	34.959465	37.0	35.0	37.0	30.0	38.0
22-23	34.945325	37.0	35.0	37.0	30.0	38.0
24-25	34.91305	37.0	35.0	37.0	29.5	38.0
26-27	34.908744999999996	37.0	35.0	37.0	29.5	38.0
28-29	34.91823	37.0	35.0	37.0	29.5	38.0
30-31	34.798825	37.0	35.0	37.0	29.0	38.0
32-33	34.817785	37.0	35.0	37.0	29.0	38.0
34-35	34.807465	37.0	35.0	37.0	29.0	38.0
36-37	34.78779	37.0	35.0	37.0	29.0	38.0
38-39	34.755615	37.0	35.0	37.0	29.0	38.0
40-41	34.69549000000001	37.0	35.0	37.0	29.0	38.0
42-43	34.658150000000006	37.0	35.0	37.0	29.0	38.0
44-45	34.61697	37.0	35.0	37.0	29.0	38.0
46-47	34.54313	37.0	35.0	37.0	28.0	38.0
48-49	34.52445	37.0	34.0	37.0	28.0	38.0
50-51	34.516725	37.0	34.0	37.0	28.0	38.0
52-53	34.480000000000004	37.0	34.0	37.0	28.0	38.0
54-55	34.459045	37.0	34.0	37.0	28.0	38.0
56-57	34.370665	37.0	34.0	37.0	28.0	38.0
58-59	34.40222	37.0	34.0	37.0	28.0	38.0
60-61	34.34259	37.0	34.0	37.0	28.0	38.0
62-63	34.27859	37.0	34.0	37.0	27.5	38.0
64-65	34.096000000000004	37.0	34.0	37.0	26.5	38.0
66-67	34.196889999999996	37.0	34.0	37.0	27.0	38.0
68-69	34.14815	37.0	34.0	37.0	27.0	38.0
70-71	34.06322	37.0	34.0	37.0	27.0	38.0
72-73	34.015375	37.0	33.5	37.0	26.5	38.0
74-75	33.91356	37.0	33.0	37.0	26.0	38.0
76-77	33.866910000000004	37.0	33.0	37.0	26.0	38.0
78-79	33.80455	37.0	33.0	37.0	26.0	38.0
80-81	33.738935	37.0	33.0	37.0	25.5	38.0
82-83	33.6374	36.5	33.0	37.0	25.0	38.0
84-85	33.66203	37.0	33.0	37.0	25.0	38.0
86-87	33.515429999999995	36.0	33.0	37.0	25.0	37.5
88-89	33.471289999999996	36.0	33.0	37.0	25.0	38.0
90-91	33.359235	36.0	32.0	37.0	24.0	37.5
92-93	33.283190000000005	36.0	32.0	37.0	24.0	38.0
94-95	33.256645	36.0	32.0	37.0	24.0	37.0
96-97	33.11229	36.0	32.0	37.0	23.5	37.0
98-99	33.11702	36.0	32.0	37.0	23.5	37.0
100	33.06483	36.0	32.0	37.0	24.0	37.0
>>END_MODULE
>>Per sequence quality scores	pass
#Quality	Count
21	17.0
22	138.0
23	366.0
24	663.0
25	940.0
26	1224.0
27	1458.0
28	1860.0
29	2334.0
30	3108.0
31	3943.0
32	5412.0
33	7973.0
34	13107.0
35	23438.0
36	32362.0
37	1657.0
>>END_MODULE
>>Per base sequence content	fail
#Base	G	A	T	C
1	41.028999999999996	12.547	8.152	38.272
2	28.729	18.018	35.052	18.201
3	23.666	22.035	22.636	31.663000000000004
4	27.816000000000003	30.351	20.648	21.185000000000002
5	24.68	31.056	24.162	20.102
6	20.666	33.461999999999996	26.546999999999997	19.325
7	20.338	17.130000000000003	39.83	22.701999999999998
8	23.501	22.1	28.260999999999996	26.138
9	23.143	21.317	29.479	26.061
10-11	25.354	29.878	21.0655	23.7025
12-13	24.7305	23.32	27.321	24.6285
14-15	24.310499999999998	25.4855	26.1175	24.0865
16-17	25.332500000000003	25.230999999999998	25.2925	24.144
18-19	25.4135	25.272499999999997	24.8705	24.4435
20-21	25.1115	25.678	24.875	24.3355
22-23	25.266	25.643500000000003	24.6145	24.476
24-25	25.055500000000002	25.588499999999996	24.862000000000002	24.494
26-27	24.982499999999998	25.606499999999997	24.8785	24.5325
28-29	25.1475	25.565500000000004	24.65	24.637
30-31	25.3865	25.381500000000003	24.3945	24.837500000000002
32-33	25.0525	25.6305	24.7565	24.560499999999998
34-35	25.535000000000004	25.442500000000003	24.297	24.7255
36-37	25.174000000000003	25.4995	24.6155	24.711
38-39	25.198500000000003	25.520500000000002	24.63	24.651
40-41	25.375999999999998	25.2335	24.5255	24.865000000000002
42-43	25.305	25.2935	24.59	24.8115
44-45	25.108999999999998	25.35	24.8305	24.7105
46-47	25.355	25.465500000000002	24.2895	24.89
48-49	25.0675	25.496000000000002	24.576500000000003	24.86
50-51	25.0085	25.203999999999997	24.9495	24.837999999999997
52-53	25.527499999999996	25.0735	24.4605	24.9385
54-55	25.055	25.2815	24.4575	25.206
56-57	24.8615	25.331500000000002	24.874	24.933
58-59	25.5255	25.139	24.520500000000002	24.815
60-61	25.2135	25.0625	24.5995	25.1245
62-63	25.299	25.235000000000003	24.517	24.948999999999998
64-65	25.47	25.260500000000004	24.326	24.9435
66-67	25.381999999999998	25.111	24.4315	25.0755
68-69	25.285999999999998	25.410500000000003	24.6235	24.68
70-71	25.4035	25.185000000000002	24.679499999999997	24.732000000000003
72-73	25.540000000000003	24.782	24.566499999999998	25.1115
74-75	25.4035	24.8765	24.627499999999998	25.0925
76-77	25.4	25.020999999999997	24.548000000000002	25.031
78-79	25.416	24.9435	24.379	25.261499999999998
80-81	25.430500000000002	25.039499999999997	24.643	24.887
82-83	25.661499999999997	24.9975	24.2655	25.0755
84-85	25.2685	24.8035	24.640500000000003	25.2875
86-87	25.1155	25.154500000000002	24.737000000000002	24.993000000000002
88-89	25.197000000000003	25.246000000000002	24.4815	25.0755
90-91	25.2625	25.141999999999996	24.26	25.3355
92-93	25.2805	24.8585	24.560499999999998	25.3005
94-95	25.8625	24.773999999999997	24.2345	25.129
96-97	25.776	24.715999999999998	24.278	25.230000000000004
98-99	25.3665	25.235999999999997	24.47	24.9275
100	25.892	24.636	24.340999999999998	25.130999999999997
>>END_MODULE
>>Per sequence GC content	pass
#GC Content	Count
0	0.0
1	0.0
2	0.0
3	0.5
4	0.5
5	0.0
6	0.0
7	0.0
8	0.0
9	0.0
10	0.0
11	0.5
12	0.5
13	0.5
14	1.0
15	2.0
16	4.5
17	5.5
18	6.0
19	6.5
20	13.0
21	21.0
22	26.0
23	37.0
24	50.5
25	59.0
26	84.0
27	130.0
28	173.0
29	229.5
30	308.5
31	371.0
32	471.5
33	594.5
34	739.0
35	889.5
36	1071.5
37	1256.5
38	1387.5
39	1625.0
40	1918.5
41	2191.5
42	2479.5
43	2766.5
44	3118.5
45	3489.0
46	3677.5
47	3985.0
48	4364.0
49	4563.0
50	4812.5
51	4939.5
52	4887.0
53	4784.0
54	4705.0
55	4547.0
56	4262.5
57	3965.0
58	3651.5
59	3313.5
60	2935.5
61	2520.5
62	2148.5
63	1768.5
64	1334.0
65	986.5
66	725.0
67	531.5
68	368.0
69	245.0
70	165.5
71	107.0
72	61.0
73	37.5
74	25.5
75	15.5
76	11.5
77	8.0
78	7.0
79	4.5
80	2.0
81	1.5
82	2.5
83	1.0
84	0.0
85	0.0
86	0.0
87	0.0
88	0.5
89	0.5
90	0.0
91	0.0
92	0.0
93	0.0
94	0.0
95	0.0
96	0.0
97	0.0
98	0.0
99	0.0
100	0.0
>>END_MODULE
>>Per base N content	pass
#Base	N-Count
1	0.0
2	0.0
3	0.0
4	0.0
5	0.0
6	0.0
7	0.0
8	0.0
9	0.0
10-11	0.0
12-13	0.0
14-15	0.0
16-17	0.0
18-19	0.0
20-21	0.0
22-23	0.0
24-25	0.0
26-27	0.0
28-29	0.0
30-31	0.0
32-33	0.0
34-35	0.0
36-37	0.0
38-39	0.0
40-41	0.0
42-43	0.0
44-45	0.0
46-47	0.0
48-49	0.0
50-51	0.0
52-53	0.0
54-55	0.0
56-57	0.0
58-59	0.0
60-61	0.0
62-63	0.0
64-65	0.0
66-67	0.0
68-69	0.0
70-71	0.0
72-73	0.0
74-75	0.0
76-77	0.0
78-79	0.0
80-81	0.0
82-83	0.0
84-85	0.0
86-87	0.0
88-89	0.0
90-91	0.0
92-93	0.0
94-95	0.0
96-97	0.0
98-99	0.0
100	0.0
>>END_MODULE
>>Sequence Length Distribution	pass
#Length	Count
100	100000.0
>>END_MODULE
>>Sequence Duplication Levels	pass
#Total Deduplicated Percentage	90.943
#Duplication Level	Percentage of deduplicated	Percentage of total
1	94.36240282374673	85.816
2	4.2895000164938475	7.8020000000000005
3	0.6619530914968716	1.806
4	0.23861099809770955	0.868
5	0.12645283309325622	0.575
6	0.07917046941490824	0.432
7	0.06377621147312053	0.406
8	0.0329876955895451	0.24
9	0.020892207206711897	0.17099999999999999
>10	0.12205447368131687	1.752
>50	0.0021991797059696732	0.132
>100	0.0	0.0
>500	0.0	0.0
>1k	0.0	0.0
>5k	0.0	0.0
>10k+	0.0	0.0
>>END_MODULE
>>Overrepresented sequences	pass
>>END_MODULE
>>Adapter Content	pass
#Position	Illumina Universal Adapter	Illumina Small RNA 3' Adapter	Illumina Small RNA 5' Adapter	Nextera Transposase Sequence	SOLID Small RNA Adapter
1	0.0	0.0	0.0	0.0	0.0
2	0.0	0.0	0.0	0.0	0.0
3	0.0	0.0	0.0	0.0	0.0
4	0.0	0.0	0.0	0.0	0.0
5	0.0	0.0	0.0	0.0	0.0
6	0.0	0.0	0.0	0.0	0.0
7	0.0	0.0	0.0	0.0	0.0
8	0.0	0.0	0.0	0.0	0.0
9	0.0	0.0	0.0	0.0	0.0
10-11	0.0	0.0	0.0	0.0	0.0
12-13	0.0	0.0	0.0	0.0	0.0
14-15	0.0	0.0	0.0	0.0	0.0
16-17	0.0	0.0	0.0	0.0	0.0
18-19	0.0	0.0	0.0	0.0	0.0
20-21	0.0	0.0	0.0	0.0	0.0
22-23	0.0	0.0	0.0	0.0	0.0
24-25	0.0	0.0	0.0	0.0	0.0
26-27	0.0	0.0	0.0	0.0	0.0
28-29	0.0	0.0	0.0	0.0	0.0
30-31	0.0	0.0	0.0	0.0	0.0
32-33	0.0	0.0	0.0	0.0	0.0
34-35	0.0	0.0	0.0	0.0	0.0
36-37	0.0	0.0	0.0	0.0	0.0
38-39	0.0	0.0	0.0	0.0	0.0
40-41	0.0	0.0	0.0	0.0	0.0
42-43	0.0	0.0	0.0	0.0	0.0
44-45	0.0	0.0	0.0	0.0	0.0
46-47	0.0	0.0	0.0	0.0	0.0
48-49	0.0	0.0	0.0	0.0	0.0
50-51	0.0	0.0	0.0	0.0	0.0
52-53	0.0	0.0	0.0	0.0	0.0
54-55	0.0	0.0	0.0	0.0	0.0
56-57	0.0	0.0	0.0	0.0	0.0
58-59	0.0	0.0	0.0	0.0	0.0
60-61	0.0	0.0	0.0	0.0	0.0
62-63	0.0	0.0	0.0	0.0	0.0
64-65	0.0	0.0	0.0	0.0	0.0
66-67	0.0	0.0	0.0	0.0	0.0
68-69	0.0	0.0	0.0	0.0	0.0
70-71	0.0	0.0	0.0	0.0	0.0
72-73	0.0	0.0	0.0	0.0	0.0
74-75	0.0	0.0	0.0	0.0	0.0
76-77	0.0	0.0	0.0	0.0	0.0
78-79	0.0	0.0	0.0	0.0	0.0
80-81	0.0	0.0	0.0	0.0	0.0
82-83	0.0	0.0	0.0	0.0	0.0
84-85	0.0	0.0	0.0	0.0	0.0
86-87	0.0	0.0	0.0	0.0	0.0
88-89	0.0	0.0	0.0	0.0	0.0
>>END_MODULE
