##FastQC	0.11.9
>>Basic Statistics	pass
#Measure	Value
Filename	Tco-633_1.fq.gz
File type	Conventional base calls
Encoding	Sanger / Illumina 1.9
Total Sequences	100000
Sequences flagged as poor quality	0
Sequence length	100
%GC	49
>>END_MODULE
>>Per base sequence quality	pass
#Base	Mean	Median	Lower Quartile	Upper Quartile	10th Percentile	90th Percentile
1	35.09977	37.0	35.0	37.0	30.0	37.0
2	35.21288	37.0	36.0	37.0	30.0	38.0
3	35.00837	37.0	36.0	37.0	30.0	38.0
4	35.43361	37.0	36.0	37.0	31.0	38.0
5	35.43049	37.0	36.0	37.0	31.0	38.0
6	35.46451	37.0	36.0	37.0	31.0	38.0
7	35.47506	37.0	36.0	37.0	31.0	38.0
8	35.48472	37.0	36.0	37.0	31.0	38.0
9	35.43794	37.0	36.0	37.0	31.0	38.0
10-11	35.427310000000006	37.0	36.0	37.0	31.0	38.0
12-13	35.45977499999999	37.0	36.0	37.0	31.0	38.0
14-15	35.43687	37.0	36.0	37.0	31.0	38.0
16-17	35.38526	37.0	36.0	37.0	31.0	38.0
18-19	35.375125	37.0	36.0	37.0	31.0	38.0
20-21	35.364285	37.0	36.0	37.0	31.0	38.0
22-23	35.34513	37.0	36.0	37.0	31.0	38.0
24-25	35.35409	37.0	36.0	37.0	31.0	38.0
26-27	35.33083	37.0	36.0	37.0	31.0	38.0
28-29	35.319635	37.0	36.0	37.0	31.0	38.0
30-31	35.335305	37.0	36.0	37.0	31.0	38.0
32-33	35.288265	37.0	36.0	37.0	31.0	38.0
34-35	35.31865500000001	37.0	36.0	37.0	31.0	38.0
36-37	35.271405	37.0	36.0	37.0	31.0	38.0
38-39	35.271975	37.0	36.0	37.0	31.0	38.0
40-41	35.25841	37.0	36.0	37.0	31.0	38.0
42-43	35.233945000000006	37.0	36.0	37.0	31.0	38.0
44-45	35.2204	37.0	36.0	37.0	30.5	38.0
46-47	35.20654	37.0	36.0	37.0	30.0	38.0
48-49	35.19194	37.0	35.5	37.0	30.0	38.0
50-51	35.113969999999995	37.0	35.0	37.0	30.0	38.0
52-53	35.08798	37.0	35.0	37.0	30.0	38.0
54-55	35.055045	37.0	35.0	37.0	30.0	38.0
56-57	35.05151	37.0	35.0	37.0	30.0	38.0
58-59	35.014405	37.0	35.0	37.0	30.0	38.0
60-61	34.965745	37.0	35.0	37.0	30.0	38.0
62-63	34.924145	37.0	35.0	37.0	29.0	38.0
64-65	34.94907	37.0	35.0	37.0	30.0	38.0
66-67	34.91542	37.0	35.0	37.0	29.5	38.0
68-69	34.842135	37.0	35.0	37.0	29.0	38.0
70-71	34.789065	37.0	35.0	37.0	29.0	38.0
72-73	34.792225	37.0	35.0	37.0	29.0	38.0
74-75	34.707570000000004	37.0	35.0	37.0	29.0	38.0
76-77	34.607974999999996	37.0	35.0	37.0	28.0	38.0
78-79	34.650940000000006	37.0	35.0	37.0	28.5	38.0
80-81	34.6035	37.0	35.0	37.0	28.5	38.0
82-83	34.57925	37.0	35.0	37.0	28.0	38.0
84-85	34.520755	37.0	34.5	37.0	28.0	38.0
86-87	34.46115	37.0	34.0	37.0	28.0	38.0
88-89	34.416885	37.0	34.0	37.0	28.0	38.0
90-91	34.36126	37.0	34.0	37.0	27.5	38.0
92-93	34.349675000000005	37.0	34.0	37.0	27.5	38.0
94-95	34.21333	37.0	34.0	37.0	27.0	38.0
96-97	34.28256	37.0	34.0	37.0	27.0	38.0
98-99	34.149265	37.0	34.0	37.0	27.0	38.0
100	34.12002	37.0	34.0	37.0	27.0	38.0
>>END_MODULE
>>Per sequence quality scores	pass
#Quality	Count
21	1.0
22	15.0
23	48.0
24	141.0
25	304.0
26	553.0
27	818.0
28	1350.0
29	1879.0
30	2617.0
31	3675.0
32	4801.0
33	6646.0
34	10117.0
35	19514.0
36	43552.0
37	3969.0
>>END_MODULE
>>Per base sequence content	fail
#Base	G	A	T	C
1	40.534	12.623000000000001	8.362	38.481
2	27.476	17.885	37.233	17.406
3	22.983	21.575	23.877000000000002	31.564999999999998
4	27.167	29.898999999999997	21.448	21.486
5	24.462999999999997	30.378	24.6	20.559
6	20.378	32.856	27.262999999999998	19.503
7	19.89	17.057	40.285	22.768
8	23.053	21.82	28.891	26.235999999999997
9	22.837	21.048000000000002	30.367	25.747999999999998
10-11	25.096	29.245500000000003	21.732499999999998	23.926
12-13	24.355	23.091	27.849	24.705
14-15	23.896	25.0545	27.010499999999997	24.038999999999998
16-17	25.259999999999998	24.447	25.906000000000002	24.387
18-19	25.063000000000002	24.9865	25.326999999999998	24.6235
20-21	25.185999999999996	25.0295	25.294	24.4905
22-23	25.101000000000003	25.3705	25.14	24.3885
24-25	24.857000000000003	25.252000000000002	25.338	24.553
26-27	24.8175	25.202999999999996	25.632500000000004	24.346999999999998
28-29	24.921	25.040000000000003	25.438499999999998	24.6005
30-31	24.951	25.1355	25.381500000000003	24.532
32-33	24.976000000000003	25.3075	25.3525	24.364
34-35	25.1405	25.0235	25.169000000000004	24.667
36-37	25.056	24.932000000000002	25.387500000000003	24.624499999999998
38-39	24.991	25.0125	25.441000000000003	24.5555
40-41	25.350499999999997	24.7475	25.213	24.689
42-43	24.94	24.7985	25.418000000000003	24.8435
44-45	24.9435	25.068	25.349500000000003	24.639
46-47	25.112499999999997	25.083	25.095499999999998	24.709
48-49	24.9165	24.826	25.219	25.038500000000003
50-51	24.831500000000002	24.956	25.3075	24.905
52-53	25.356	24.742	25.142500000000002	24.759500000000003
54-55	25.2	24.735	24.990000000000002	25.074999999999996
56-57	24.945500000000003	24.938	25.223000000000003	24.8935
58-59	25.011	24.9275	25.2375	24.823999999999998
60-61	25.0905	24.837	25.1655	24.907
62-63	25.054	24.906	25.3905	24.6495
64-65	25.098	24.813499999999998	25.228499999999997	24.86
66-67	25.173000000000002	24.554000000000002	25.219	25.054
68-69	25.129	24.759	25.3655	24.746499999999997
70-71	25.3075	24.651999999999997	25.158	24.8825
72-73	25.1205	24.6785	25.1975	25.003500000000003
74-75	25.095	24.5355	25.505	24.8645
76-77	25.064999999999998	24.685499999999998	24.912	25.337500000000002
78-79	24.909	24.791	25.139499999999998	25.160500000000003
80-81	24.761	24.798000000000002	25.4415	24.9995
82-83	25.161	24.742	25.352000000000004	24.745
84-85	24.848	24.714	25.1885	25.2495
86-87	24.8465	24.994	25.305	24.854499999999998
88-89	25.216499999999996	24.7085	24.916	25.159
90-91	24.935499999999998	24.749	25.284000000000002	25.0315
92-93	24.86	24.682000000000002	25.505	24.953
94-95	25.135999999999996	24.879	25.2025	24.7825
96-97	24.9015	24.617	25.3745	25.107000000000003
98-99	24.936	24.812	25.404500000000002	24.8475
100	25.378	24.407999999999998	24.965	25.249
>>END_MODULE
>>Per sequence GC content	pass
#GC Content	Count
0	1.0
1	0.5
2	0.0
3	0.0
4	0.0
5	0.0
6	0.0
7	0.0
8	0.0
9	0.5
10	0.5
11	0.5
12	1.0
13	1.5
14	1.0
15	0.5
16	2.0
17	5.0
18	7.5
19	11.5
20	11.5
21	12.5
22	23.5
23	31.0
24	49.0
25	75.0
26	105.0
27	140.0
28	188.0
29	274.0
30	361.0
31	417.5
32	504.0
33	647.5
34	773.5
35	910.5
36	1139.0
37	1320.0
38	1456.0
39	1670.0
40	1939.5
41	2239.0
42	2576.0
43	2883.5
44	3148.0
45	3469.0
46	3775.5
47	4095.5
48	4466.0
49	4809.5
50	4965.5
51	4996.0
52	5011.0
53	4850.5
54	4670.5
55	4496.0
56	4270.5
57	3897.5
58	3482.5
59	3195.5
60	2812.0
61	2378.5
62	1931.5
63	1522.0
64	1170.5
65	867.0
66	647.0
67	439.0
68	290.5
69	195.0
70	124.5
71	86.5
72	56.0
73	36.5
74	22.5
75	14.0
76	10.0
77	6.0
78	3.0
79	2.0
80	3.0
81	3.0
82	1.5
83	0.5
84	0.0
85	0.0
86	0.0
87	0.0
88	0.0
89	0.0
90	0.0
91	0.0
92	0.0
93	0.0
94	0.0
95	0.0
96	0.0
97	0.0
98	0.0
99	0.0
100	0.0
>>END_MODULE
>>Per base N content	pass
#Base	N-Count
1	0.0
2	0.0
3	0.0
4	0.0
5	0.0
6	0.0
7	0.0
8	0.0
9	0.0
10-11	0.0
12-13	0.0
14-15	0.0
16-17	0.0
18-19	0.0
20-21	0.0
22-23	0.0
24-25	0.0
26-27	0.0
28-29	0.0
30-31	0.0
32-33	0.0
34-35	0.0
36-37	0.0
38-39	0.0
40-41	0.0
42-43	0.0
44-45	0.0
46-47	0.0
48-49	0.0
50-51	0.0
52-53	0.0
54-55	0.0
56-57	0.0
58-59	0.0
60-61	0.0
62-63	0.0
64-65	0.0
66-67	0.0
68-69	0.0
70-71	0.0
72-73	0.0
74-75	0.0
76-77	0.0
78-79	0.0
80-81	0.0
82-83	0.0
84-85	0.0
86-87	0.0
88-89	0.0
90-91	0.0
92-93	0.0
94-95	0.0
96-97	0.0
98-99	0.0
100	0.0
>>END_MODULE
>>Sequence Length Distribution	pass
#Length	Count
100	100000.0
>>END_MODULE
>>Sequence Duplication Levels	pass
#Total Deduplicated Percentage	92.123
#Duplication Level	Percentage of deduplicated	Percentage of total
1	94.6321765465736	87.178
2	4.097782312777483	7.55
3	0.6947233589874406	1.92
4	0.21384453393832162	0.788
5	0.11723456682913062	0.54
6	0.0727288516439977	0.402
7	0.05318975717247593	0.34299999999999997
8	0.024966620713611148	0.184
9	0.023881115465193274	0.198
>10	0.06947233589874408	0.897
>50	0.0	0.0
>100	0.0	0.0
>500	0.0	0.0
>1k	0.0	0.0
>5k	0.0	0.0
>10k+	0.0	0.0
>>END_MODULE
>>Overrepresented sequences	pass
>>END_MODULE
>>Adapter Content	pass
#Position	Illumina Universal Adapter	Illumina Small RNA 3' Adapter	Illumina Small RNA 5' Adapter	Nextera Transposase Sequence	SOLID Small RNA Adapter
1	0.0	0.0	0.0	0.0	0.0
2	0.0	0.0	0.0	0.0	0.0
3	0.0	0.0	0.0	0.0	0.0
4	0.0	0.0	0.0	0.0	0.0
5	0.0	0.0	0.0	0.0	0.0
6	0.0	0.0	0.0	0.0	0.0
7	0.0	0.0	0.0	0.0	0.0
8	0.0	0.0	0.0	0.0	0.0
9	0.0	0.0	0.0	0.0	0.0
10-11	0.0	0.0	0.0	0.0	0.0
12-13	0.0	0.0	0.0	0.0	0.0
14-15	0.0	0.0	0.0	0.0	0.0
16-17	0.0	0.0	0.0	0.0	0.0
18-19	0.0	0.0	0.0	0.0	0.0
20-21	0.0	0.0	0.0	0.0	0.0
22-23	0.0	0.0	0.0	0.0	0.0
24-25	0.0	0.0	0.0	0.0	0.0
26-27	0.0	0.0	0.0	0.0	0.0
28-29	0.0	0.0	0.0	0.0	0.0
30-31	0.0	0.0	0.0	0.0	0.0
32-33	0.0	0.0	0.0	0.0	0.0
34-35	0.0	0.0	0.0	0.0	0.0
36-37	0.0	0.0	0.0	0.0	0.0
38-39	0.0	0.0	0.0	0.0	0.0
40-41	0.0	0.0	0.0	0.0	0.0
42-43	0.0	0.0	0.0	0.0	0.0
44-45	0.0	0.0	0.0	0.0	0.0
46-47	0.0	0.0	0.0	0.0	0.0
48-49	0.0	0.0	0.0	0.0	0.0
50-51	0.0	0.0	0.0	0.0	0.0
52-53	0.0	0.0	0.0	0.0	0.0
54-55	0.0	0.0	0.0	0.0	0.0
56-57	0.0	0.0	0.0	0.0	0.0
58-59	0.0	0.0	0.0	0.0	0.0
60-61	0.0	0.0	0.0	0.0	0.0
62-63	0.0	0.0	0.0	0.0	0.0
64-65	0.0	0.0	0.0	0.0	0.0
66-67	0.0	0.0	0.0	0.0	0.0
68-69	0.0	0.0	0.0	0.0	0.0
70-71	0.0	0.0	0.0	0.0	0.0
72-73	0.0	0.0	0.0	0.0	0.0
74-75	0.0	0.0	0.0	0.0	0.0
76-77	0.0	0.0	0.0	0.0	0.0
78-79	0.0	0.0	0.0	0.0	0.0
80-81	0.0	0.0	0.0	0.0	0.0
82-83	0.0	0.0	0.0	0.0	0.0
84-85	0.0	0.0	0.0	0.0	0.0
86-87	0.0	0.0	0.0	0.0	0.0
88-89	0.0	0.0	0.0	0.0	0.0
>>END_MODULE
