##FastQC	0.11.9
>>Basic Statistics	pass
#Measure	Value
Filename	Tco-935_1.fq.gz
File type	Conventional base calls
Encoding	Sanger / Illumina 1.9
Total Sequences	100000
Sequences flagged as poor quality	0
Sequence length	100
%GC	50
>>END_MODULE
>>Per base sequence quality	pass
#Base	Mean	Median	Lower Quartile	Upper Quartile	10th Percentile	90th Percentile
1	35.13175	37.0	36.0	37.0	30.0	37.0
2	35.16991	37.0	35.0	37.0	30.0	38.0
3	34.98203	37.0	35.0	37.0	30.0	38.0
4	35.38296	37.0	36.0	37.0	31.0	38.0
5	35.37081	37.0	36.0	37.0	31.0	38.0
6	35.39335	37.0	36.0	37.0	31.0	38.0
7	35.43749	37.0	36.0	37.0	31.0	38.0
8	35.43342	37.0	36.0	37.0	31.0	38.0
9	35.42907	37.0	36.0	37.0	31.0	38.0
10-11	35.366735	37.0	36.0	37.0	31.0	38.0
12-13	35.415319999999994	37.0	36.0	37.0	31.0	38.0
14-15	35.398160000000004	37.0	36.0	37.0	31.0	38.0
16-17	35.324045	37.0	36.0	37.0	31.0	38.0
18-19	35.318975	37.0	36.0	37.0	31.0	38.0
20-21	35.320040000000006	37.0	36.0	37.0	31.0	38.0
22-23	35.31409	37.0	36.0	37.0	31.0	38.0
24-25	35.295225	37.0	36.0	37.0	31.0	38.0
26-27	35.276925000000006	37.0	36.0	37.0	31.0	38.0
28-29	35.26497	37.0	36.0	37.0	31.0	38.0
30-31	35.27008	37.0	36.0	37.0	31.0	38.0
32-33	35.24394	37.0	36.0	37.0	31.0	38.0
34-35	35.243705000000006	37.0	36.0	37.0	31.0	38.0
36-37	35.195325	37.0	36.0	37.0	30.0	38.0
38-39	35.188215	37.0	36.0	37.0	30.0	38.0
40-41	35.15811	37.0	35.5	37.0	30.0	38.0
42-43	35.173985	37.0	35.5	37.0	30.0	38.0
44-45	35.132	37.0	35.0	37.0	30.0	38.0
46-47	35.120385	37.0	35.0	37.0	30.0	38.0
48-49	35.10074	37.0	35.0	37.0	30.0	38.0
50-51	35.014065	37.0	35.0	37.0	30.0	38.0
52-53	35.02132	37.0	35.0	37.0	30.0	38.0
54-55	34.963274999999996	37.0	35.0	37.0	29.5	38.0
56-57	34.94484	37.0	35.0	37.0	29.5	38.0
58-59	34.897185	37.0	35.0	37.0	29.0	38.0
60-61	34.86599	37.0	35.0	37.0	29.0	38.0
62-63	34.84299	37.0	35.0	37.0	29.0	38.0
64-65	34.8489	37.0	35.0	37.0	29.0	38.0
66-67	34.796215000000004	37.0	35.0	37.0	29.0	38.0
68-69	34.747370000000004	37.0	35.0	37.0	29.0	38.0
70-71	34.701075	37.0	35.0	37.0	28.5	38.0
72-73	34.708475	37.0	35.0	37.0	29.0	38.0
74-75	34.606635	37.0	35.0	37.0	28.0	38.0
76-77	34.50571	37.0	35.0	37.0	28.0	38.0
78-79	34.52561	37.0	34.5	37.0	28.0	38.0
80-81	34.49662	37.0	34.5	37.0	28.0	38.0
82-83	34.483785	37.0	34.5	37.0	28.0	38.0
84-85	34.418530000000004	37.0	34.0	37.0	28.0	38.0
86-87	34.364374999999995	37.0	34.0	37.0	27.5	38.0
88-89	34.295815000000005	37.0	34.0	37.0	27.0	38.0
90-91	34.245505	37.0	34.0	37.0	27.0	38.0
92-93	34.226245	37.0	34.0	37.0	27.0	38.0
94-95	34.111725	37.0	34.0	37.0	27.0	38.0
96-97	34.12584	37.0	34.0	37.0	27.0	38.0
98-99	34.0128	37.0	34.0	37.0	26.0	38.0
100	33.965	37.0	34.0	37.0	26.0	38.0
>>END_MODULE
>>Per sequence quality scores	pass
#Quality	Count
21	1.0
22	22.0
23	70.0
24	200.0
25	335.0
26	571.0
27	975.0
28	1396.0
29	1971.0
30	2834.0
31	3762.0
32	4950.0
33	6781.0
34	10429.0
35	19898.0
36	42119.0
37	3686.0
>>END_MODULE
>>Per base sequence content	fail
#Base	G	A	T	C
1	41.721000000000004	12.066	8.751000000000001	37.462
2	28.043000000000003	18.083	35.837	18.037
3	24.208	21.704	22.944	31.144
4	28.529	29.67	20.618	21.183
5	25.063999999999997	30.341	24.006	20.589
6	20.926000000000002	32.804	26.365	19.905
7	20.201	17.044	39.794000000000004	22.961000000000002
8	23.634	21.549	27.986	26.831
9	23.407	20.663	29.934	25.996000000000002
10-11	25.533	29.123500000000003	21.1175	24.226
12-13	24.7425	23.1825	27.217999999999996	24.857000000000003
14-15	24.2435	25.144	26.421	24.191499999999998
16-17	25.369999999999997	24.66	25.733	24.237000000000002
18-19	24.7505	24.9105	25.262	25.076999999999998
20-21	25.3285	25.2085	25.192999999999998	24.27
22-23	25.156499999999998	25.3295	24.915000000000003	24.599
24-25	25.127	24.779	24.942	25.152
26-27	24.9885	25.0965	25.172	24.743000000000002
28-29	25.243	24.683	24.993000000000002	25.080999999999996
30-31	24.956500000000002	24.929000000000002	24.953500000000002	25.161
32-33	25.062	25.016500000000004	24.6355	25.285999999999998
34-35	25.172	25.049	24.9475	24.831500000000002
36-37	25.058999999999997	24.7395	25.013	25.1885
38-39	25.025	24.659	25.088500000000003	25.227500000000003
40-41	25.411499999999997	24.8705	24.7605	24.9575
42-43	25.318	24.697	24.879	25.106
44-45	25.150499999999997	24.663	25.041999999999998	25.144499999999997
46-47	25.237	24.793000000000003	25.029	24.941
48-49	25.040000000000003	24.666	24.6775	25.6165
50-51	24.964	24.804499999999997	25.346999999999998	24.884500000000003
52-53	25.262	24.778	24.681	25.279
54-55	25.115	24.759	24.7715	25.3545
56-57	25.058000000000003	24.642	25.234499999999997	25.0655
58-59	25.2575	24.64	25.1355	24.967
60-61	25.177	24.45	25.022499999999997	25.350499999999997
62-63	25.0925	24.693	25.125999999999998	25.088500000000003
64-65	25.287	24.5655	24.990499999999997	25.157
66-67	25.539499999999997	24.380499999999998	24.6785	25.4015
68-69	25.094	24.6635	25.134	25.1085
70-71	25.399500000000003	24.45	24.95	25.200499999999998
72-73	25.235999999999997	24.3205	25.052000000000003	25.3915
74-75	25.136999999999997	24.428	25.2305	25.204500000000003
76-77	25.267	24.433	25.1275	25.1725
78-79	25.079	24.674	24.9985	25.2485
80-81	24.864	24.6905	25.09	25.3555
82-83	25.173499999999997	24.826999999999998	24.715500000000002	25.284000000000002
84-85	25.216499999999996	24.2745	25.0845	25.4245
86-87	24.921499999999998	24.4935	25.263999999999996	25.320999999999998
88-89	25.104	24.621000000000002	25.032500000000002	25.2425
90-91	24.882	24.644	25.0865	25.387500000000003
92-93	25.045	24.5375	25.363000000000003	25.0545
94-95	25.319999999999997	24.7115	24.587	25.381500000000003
96-97	25.3255	24.3295	24.917	25.428
98-99	25.148	24.7205	24.816	25.3155
100	25.546000000000003	24.895999999999997	24.277	25.281
>>END_MODULE
>>Per sequence GC content	pass
#GC Content	Count
0	0.0
1	0.0
2	0.0
3	0.0
4	0.0
5	0.0
6	0.0
7	0.5
8	0.5
9	0.5
10	0.5
11	0.0
12	1.0
13	2.0
14	3.5
15	3.5
16	3.0
17	4.5
18	6.5
19	7.5
20	8.0
21	11.5
22	18.5
23	28.0
24	48.5
25	67.0
26	98.5
27	140.5
28	166.0
29	225.5
30	307.5
31	373.5
32	463.0
33	572.0
34	705.0
35	877.0
36	1019.5
37	1171.5
38	1420.0
39	1571.0
40	1738.0
41	2034.0
42	2331.0
43	2677.0
44	2959.0
45	3119.5
46	3464.0
47	3960.5
48	4449.5
49	4937.5
50	5145.5
51	5092.0
52	5007.0
53	4825.5
54	4638.0
55	4515.0
56	4378.5
57	4188.0
58	3924.0
59	3523.0
60	3000.0
61	2591.0
62	2100.0
63	1617.5
64	1320.5
65	981.5
66	714.5
67	523.5
68	326.5
69	217.5
70	144.5
71	86.5
72	54.0
73	31.0
74	24.5
75	17.5
76	6.5
77	1.0
78	0.5
79	2.0
80	2.0
81	2.0
82	1.5
83	0.5
84	1.0
85	0.5
86	0.0
87	0.0
88	0.0
89	0.0
90	0.0
91	0.0
92	0.0
93	0.0
94	0.0
95	0.0
96	0.0
97	0.0
98	0.0
99	0.0
100	0.0
>>END_MODULE
>>Per base N content	pass
#Base	N-Count
1	0.0
2	0.0
3	0.0
4	0.0
5	0.0
6	0.0
7	0.0
8	0.0
9	0.0
10-11	0.0
12-13	0.0
14-15	0.0
16-17	0.0
18-19	0.0
20-21	0.0
22-23	0.0
24-25	0.0
26-27	0.0
28-29	0.0
30-31	0.0
32-33	0.0
34-35	0.0
36-37	0.0
38-39	0.0
40-41	0.0
42-43	0.0
44-45	0.0
46-47	0.0
48-49	0.0
50-51	0.0
52-53	0.0
54-55	0.0
56-57	0.0
58-59	0.0
60-61	0.0
62-63	0.0
64-65	0.0
66-67	0.0
68-69	0.0
70-71	0.0
72-73	0.0
74-75	0.0
76-77	0.0
78-79	0.0
80-81	0.0
82-83	0.0
84-85	0.0
86-87	0.0
88-89	0.0
90-91	0.0
92-93	0.0
94-95	0.0
96-97	0.0
98-99	0.0
100	0.0
>>END_MODULE
>>Sequence Length Distribution	pass
#Length	Count
100	100000.0
>>END_MODULE
>>Sequence Duplication Levels	pass
#Total Deduplicated Percentage	89.363
#Duplication Level	Percentage of deduplicated	Percentage of total
1	94.70026744849658	84.627
2	3.819254053691125	6.8260000000000005
3	0.5964437183174245	1.599
4	0.23275852422143395	0.832
5	0.1544263285699898	0.69
6	0.08840347794948693	0.47400000000000003
7	0.07833219565144411	0.49
8	0.061546725154706085	0.44
9	0.052594474223112475	0.42300000000000004
>10	0.20590177142665306	3.0269999999999997
>50	0.010071282298042813	0.5720000000000001
>100	0.0	0.0
>500	0.0	0.0
>1k	0.0	0.0
>5k	0.0	0.0
>10k+	0.0	0.0
>>END_MODULE
>>Overrepresented sequences	pass
>>END_MODULE
>>Adapter Content	pass
#Position	Illumina Universal Adapter	Illumina Small RNA 3' Adapter	Illumina Small RNA 5' Adapter	Nextera Transposase Sequence	SOLID Small RNA Adapter
1	0.0	0.0	0.0	0.0	0.0
2	0.0	0.0	0.0	0.0	0.0
3	0.0	0.0	0.0	0.0	0.0
4	0.0	0.0	0.0	0.0	0.0
5	0.0	0.0	0.0	0.0	0.0
6	0.0	0.0	0.0	0.0	0.0
7	0.0	0.0	0.0	0.0	0.0
8	0.0	0.0	0.0	0.0	0.0
9	0.0	0.0	0.0	0.0	0.0
10-11	0.0	0.0	0.0	0.0	0.0
12-13	0.0	0.0	0.0	0.0	0.0
14-15	0.0	0.0	0.0	0.0	0.0
16-17	0.0	0.0	0.0	0.0	0.0
18-19	0.0	0.0	0.0	0.0	0.0
20-21	0.0	0.0	0.0	0.0	0.0
22-23	0.0	0.0	0.0	0.0	0.0
24-25	0.0	0.0	0.0	0.0	0.0
26-27	0.0	0.0	0.0	0.0	0.0
28-29	0.0	0.0	0.0	0.0	0.0
30-31	0.0	0.0	0.0	0.0	0.0
32-33	0.0	0.0	0.0	0.0	0.0
34-35	0.0	0.0	0.0	0.0	0.0
36-37	0.0	0.0	0.0	0.0	0.0
38-39	0.0	0.0	0.0	0.0	0.0
40-41	0.0	0.0	0.0	0.0	0.0
42-43	0.0	0.0	0.0	0.0	0.0
44-45	0.0	0.0	0.0	0.0	0.0
46-47	0.0	0.0	0.0	0.0	0.0
48-49	0.0	0.0	0.0	0.0	0.0
50-51	0.0	0.0	0.0	0.0	0.0
52-53	0.0	0.0	0.0	0.0	0.0
54-55	0.0	0.0	0.0	0.0	0.0
56-57	0.0	0.0	0.0	0.0	0.0
58-59	0.0	0.0	0.0	0.0	0.0
60-61	0.0	0.0	0.0	0.0	0.0
62-63	0.0	0.0	0.0	0.0	0.0
64-65	0.0	0.0	0.0	0.0	0.0
66-67	0.0	0.0	0.0	0.0	0.0
68-69	0.0	0.0	0.0	0.0	0.0
70-71	0.0	0.0	0.0	0.0	0.0
72-73	0.0	0.0	0.0	0.0	0.0
74-75	0.0	0.0	0.0	0.0	0.0
76-77	0.0	0.0	0.0	0.0	0.0
78-79	0.0	0.0	0.0	0.0	0.0
80-81	0.0	0.0	0.0	0.0	0.0
82-83	0.0	0.0	0.0	0.0	0.0
84-85	0.0	0.0	0.0	0.0	0.0
86-87	0.0	0.0	0.0	0.0	0.0
88-89	0.0	0.0	0.0	0.0	0.0
>>END_MODULE
