##FastQC	0.11.9
>>Basic Statistics	pass
#Measure	Value
Filename	Tco-580_2.fq.gz
File type	Conventional base calls
Encoding	Sanger / Illumina 1.9
Total Sequences	100000
Sequences flagged as poor quality	0
Sequence length	100
%GC	51
>>END_MODULE
>>Per base sequence quality	pass
#Base	Mean	Median	Lower Quartile	Upper Quartile	10th Percentile	90th Percentile
1	35.25074	37.0	36.0	37.0	31.0	38.0
2	35.27074	37.0	36.0	37.0	31.0	38.0
3	35.39904	37.0	36.0	37.0	31.0	38.0
4	35.35247	37.0	36.0	37.0	31.0	38.0
5	35.32439	37.0	36.0	37.0	31.0	38.0
6	35.13415	37.0	35.0	37.0	30.0	38.0
7	35.1262	37.0	35.0	37.0	30.0	38.0
8	35.191	37.0	36.0	37.0	31.0	38.0
9	35.14419	37.0	35.0	37.0	30.0	38.0
10-11	35.10568000000001	37.0	35.0	37.0	30.0	38.0
12-13	35.156615	37.0	35.0	37.0	30.0	38.0
14-15	35.128005	37.0	35.0	37.0	30.0	38.0
16-17	35.079765	37.0	35.0	37.0	30.0	38.0
18-19	35.0897	37.0	35.0	37.0	30.0	38.0
20-21	35.056645	37.0	35.0	37.0	30.0	38.0
22-23	35.02311	37.0	35.0	37.0	30.0	38.0
24-25	34.97482	37.0	35.0	37.0	30.0	38.0
26-27	35.000715	37.0	35.0	37.0	30.0	38.0
28-29	34.98312	37.0	35.0	37.0	30.0	38.0
30-31	34.86322	37.0	35.0	37.0	29.0	38.0
32-33	34.87353	37.0	35.0	37.0	29.5	38.0
34-35	34.871399999999994	37.0	35.0	37.0	29.0	38.0
36-37	34.84795	37.0	35.0	37.0	29.0	38.0
38-39	34.806825	37.0	35.0	37.0	29.0	38.0
40-41	34.7706	37.0	35.0	37.0	29.0	38.0
42-43	34.741115	37.0	35.0	37.0	29.0	38.0
44-45	34.702825000000004	37.0	35.0	37.0	29.0	38.0
46-47	34.62481	37.0	35.0	37.0	28.5	38.0
48-49	34.59402	37.0	35.0	37.0	28.0	38.0
50-51	34.560465	37.0	35.0	37.0	28.0	38.0
52-53	34.55551	37.0	35.0	37.0	28.0	38.0
54-55	34.50587	37.0	34.0	37.0	28.0	38.0
56-57	34.431645	37.0	34.0	37.0	28.0	38.0
58-59	34.460655	37.0	34.0	37.0	28.0	38.0
60-61	34.364275	37.0	34.0	37.0	27.5	38.0
62-63	34.315255	37.0	34.0	37.0	27.5	38.0
64-65	34.21333	37.0	34.0	37.0	27.0	38.0
66-67	34.096675000000005	37.0	34.0	37.0	26.5	38.0
68-69	34.165805	37.0	34.0	37.0	27.0	38.0
70-71	34.06483	37.0	34.0	37.0	26.5	38.0
72-73	34.05656	37.0	34.0	37.0	26.5	38.0
74-75	33.987435000000005	37.0	33.5	37.0	26.5	38.0
76-77	33.933904999999996	37.0	33.0	37.0	26.0	38.0
78-79	33.83242	37.0	33.0	37.0	26.0	38.0
80-81	33.76995	37.0	33.0	37.0	25.5	38.0
82-83	33.71457	37.0	33.0	37.0	25.0	38.0
84-85	33.681635	36.5	33.0	37.0	25.0	38.0
86-87	33.51896	36.0	33.0	37.0	25.0	38.0
88-89	33.44885	36.0	33.0	37.0	25.0	38.0
90-91	33.37621	36.0	32.0	37.0	24.0	38.0
92-93	33.29703	36.0	32.0	37.0	24.0	38.0
94-95	33.241295	36.0	32.0	37.0	24.0	38.0
96-97	33.1981	36.0	32.0	37.0	24.0	38.0
98-99	33.120155	36.0	32.0	37.0	23.5	38.0
100	33.05372	36.0	32.0	37.0	23.0	38.0
>>END_MODULE
>>Per sequence quality scores	pass
#Quality	Count
20	1.0
21	22.0
22	134.0
23	347.0
24	607.0
25	926.0
26	1051.0
27	1354.0
28	1765.0
29	2208.0
30	2972.0
31	4025.0
32	5467.0
33	8218.0
34	12904.0
35	23066.0
36	33004.0
37	1929.0
>>END_MODULE
>>Per base sequence content	warn
#Base	G	A	T	C
1	41.019	13.126	11.525	34.33
2	29.246	18.971	30.183	21.6
3	26.064999999999998	21.740000000000002	21.685	30.509999999999998
4	29.463	27.458	20.03	23.049
5	26.145000000000003	28.788000000000004	22.948	22.119
6	22.951	31.239	24.549000000000003	21.261
7	22.148	18.271	35.766999999999996	23.814
8	24.729	22.471	26.25	26.55
9	23.965	21.659	28.157	26.218999999999998
10-11	26.057000000000002	28.0025	21.442	24.4985
12-13	25.477	22.7765	26.3535	25.393
14-15	24.7775	24.9575	25.4085	24.8565
16-17	25.767	24.6385	24.926000000000002	24.668499999999998
18-19	25.56	24.6045	24.607499999999998	25.228
20-21	25.807999999999996	24.808	24.534	24.85
22-23	25.9085	24.687	24.3015	25.102999999999998
24-25	25.9165	24.495	24.482499999999998	25.106
26-27	25.5855	24.9345	24.3565	25.1235
28-29	25.6215	24.8505	24.2995	25.228499999999997
30-31	25.680999999999997	24.729499999999998	24.177	25.412499999999998
32-33	25.659	24.8295	24.203	25.308500000000002
34-35	26.113500000000002	24.718999999999998	24.115000000000002	25.0525
36-37	25.8605	24.764	24.3095	25.066
38-39	25.6085	24.7975	24.221999999999998	25.372
40-41	25.835	24.535	24.346999999999998	25.283
42-43	25.708	24.515500000000003	24.2035	25.573
44-45	25.709	24.5855	24.2865	25.419000000000004
46-47	26.024	24.4155	24.18	25.3805
48-49	25.692999999999998	24.7555	23.997	25.5545
50-51	25.345499999999998	24.458	24.526999999999997	25.6695
52-53	25.924999999999997	24.4185	24.263	25.393500000000003
54-55	25.7675	24.399	24.098	25.735500000000002
56-57	25.4565	24.606	24.2515	25.685999999999996
58-59	25.7805	24.399	24.1805	25.64
60-61	25.4925	24.535	24.215999999999998	25.7565
62-63	25.583499999999997	24.732499999999998	24.263	25.421
64-65	25.748500000000003	24.3895	24.162	25.7
66-67	25.687500000000004	24.5335	23.938000000000002	25.840999999999998
68-69	25.905	24.5495	23.9945	25.551000000000002
70-71	26.0135	24.351	24.2025	25.433
72-73	26.026	24.168	24.185000000000002	25.621
74-75	25.760499999999997	24.2915	24.224999999999998	25.723000000000003
76-77	25.918000000000003	24.075499999999998	24.2925	25.714
78-79	25.852999999999998	24.1775	24.1405	25.829
80-81	25.824	24.482	24.1755	25.5185
82-83	26.040000000000003	24.3155	24.0545	25.590000000000003
84-85	25.8125	24.0985	24.3525	25.7365
86-87	25.629999999999995	24.410999999999998	24.413999999999998	25.545
88-89	25.715500000000002	24.4725	24.07	25.741999999999997
90-91	25.784499999999998	24.368000000000002	23.9535	25.894000000000002
92-93	26.020500000000002	24.3005	24.1025	25.576500000000003
94-95	26.237	24.282500000000002	23.846	25.6345
96-97	26.2795	24.2885	23.732	25.7
98-99	25.9175	24.572	24.124000000000002	25.3865
100	26.374	24.242	23.893	25.491000000000003
>>END_MODULE
>>Per sequence GC content	pass
#GC Content	Count
0	0.0
1	0.0
2	0.0
3	0.0
4	0.0
5	0.0
6	0.0
7	0.0
8	0.0
9	0.0
10	0.0
11	0.0
12	0.0
13	0.0
14	1.0
15	1.0
16	1.5
17	3.5
18	5.0
19	6.5
20	10.0
21	18.0
22	21.5
23	33.0
24	51.0
25	65.5
26	93.5
27	126.5
28	176.5
29	252.5
30	317.0
31	391.5
32	475.0
33	576.5
34	720.0
35	871.5
36	1030.5
37	1190.5
38	1335.0
39	1499.5
40	1725.5
41	1926.5
42	2122.5
43	2439.5
44	2726.5
45	2980.5
46	3209.5
47	3473.0
48	3828.5
49	4085.0
50	4269.5
51	4497.0
52	4591.5
53	4518.5
54	4514.5
55	4476.0
56	4314.0
57	4120.0
58	3890.5
59	3608.0
60	3264.5
61	2867.0
62	2494.0
63	2108.0
64	1714.0
65	1402.0
66	1132.0
67	929.5
68	767.0
69	610.0
70	513.0
71	415.5
72	313.0
73	239.0
74	181.0
75	137.5
76	97.0
77	68.0
78	53.5
79	32.5
80	19.5
81	13.5
82	10.5
83	9.5
84	5.5
85	4.0
86	3.0
87	2.5
88	1.5
89	1.0
90	0.5
91	0.0
92	0.0
93	0.5
94	0.5
95	0.0
96	0.0
97	0.0
98	0.0
99	0.0
100	0.0
>>END_MODULE
>>Per base N content	pass
#Base	N-Count
1	0.0
2	0.0
3	0.0
4	0.0
5	0.0
6	0.0
7	0.0
8	0.0
9	0.0
10-11	0.0
12-13	0.0
14-15	0.0
16-17	0.0
18-19	0.0
20-21	0.0
22-23	0.0
24-25	0.0
26-27	0.0
28-29	0.0
30-31	0.0
32-33	0.0
34-35	0.0
36-37	0.0
38-39	0.0
40-41	0.0
42-43	0.0
44-45	0.0
46-47	0.0
48-49	0.0
50-51	0.0
52-53	0.0
54-55	0.0
56-57	0.0
58-59	0.0
60-61	0.0
62-63	0.0
64-65	0.0
66-67	0.0
68-69	0.0
70-71	0.0
72-73	0.0
74-75	0.0
76-77	0.0
78-79	0.0
80-81	0.0
82-83	0.0
84-85	0.0
86-87	0.0
88-89	0.0
90-91	0.0
92-93	0.0
94-95	0.0
96-97	0.0
98-99	0.0
100	0.0
>>END_MODULE
>>Sequence Length Distribution	pass
#Length	Count
100	100000.0
>>END_MODULE
>>Sequence Duplication Levels	pass
#Total Deduplicated Percentage	90.39399999999999
#Duplication Level	Percentage of deduplicated	Percentage of total
1	93.38562293957564	84.41499999999999
2	5.2912803947164635	9.565999999999999
3	0.7035865212292851	1.908
4	0.22235989114321747	0.804
5	0.1139456158594597	0.515
6	0.07301369559926543	0.396
7	0.05420713764187888	0.34299999999999997
8	0.03208177533907118	0.232
9	0.028762970993650022	0.234
>10	0.0907139854415116	1.2890000000000001
>50	0.0044250724605615415	0.298
>100	0.0	0.0
>500	0.0	0.0
>1k	0.0	0.0
>5k	0.0	0.0
>10k+	0.0	0.0
>>END_MODULE
>>Overrepresented sequences	pass
>>END_MODULE
>>Adapter Content	pass
#Position	Illumina Universal Adapter	Illumina Small RNA 3' Adapter	Illumina Small RNA 5' Adapter	Nextera Transposase Sequence	SOLID Small RNA Adapter
1	0.0	0.0	0.0	0.0	0.0
2	0.0	0.0	0.0	0.0	0.0
3	0.0	0.0	0.0	0.0	0.0
4	0.0	0.0	0.0	0.0	0.0
5	0.0	0.0	0.0	0.0	0.0
6	0.0	0.0	0.0	0.0	0.0
7	0.0	0.0	0.0	0.0	0.0
8	0.0	0.0	0.0	0.0	0.0
9	0.0	0.0	0.0	0.0	0.0
10-11	0.0	0.0	0.0	0.0	0.0
12-13	0.0	0.0	0.0	0.0	0.0
14-15	0.0	0.0	0.0	0.0	0.0
16-17	0.0	0.0	0.0	0.0	0.0
18-19	0.0	0.0	0.0	0.0	0.0
20-21	0.0	0.0	0.0	0.0	0.0
22-23	0.0	0.0	0.0	0.0	0.0
24-25	0.0	0.0	0.0	0.0	0.0
26-27	0.0	0.0	0.0	0.0	0.0
28-29	0.0	0.0	0.0	0.0	0.0
30-31	0.0	0.0	0.0	0.0	0.0
32-33	0.0	0.0	0.0	0.0	0.0
34-35	0.0	0.0	0.0	0.0	0.0
36-37	0.0	0.0	0.0	0.0	0.0
38-39	0.0	0.0	0.0	0.0	0.0
40-41	0.0	0.0	0.0	0.0	0.0
42-43	0.0	0.0	0.0	0.0	0.0
44-45	0.0	0.0	0.0	0.0	0.0
46-47	0.0	0.0	0.0	0.0	0.0
48-49	0.0	0.0	0.0	0.0	0.0
50-51	0.0	0.0	0.0	0.0	0.0
52-53	0.0	0.0	0.0	0.0	0.0
54-55	0.0	0.0	0.0	0.0	0.0
56-57	0.0	0.0	0.0	0.0	0.0
58-59	0.0	0.0	0.0	0.0	0.0
60-61	0.0	0.0	0.0	0.0	0.0
62-63	0.0	0.0	0.0	0.0	0.0
64-65	0.0	0.0	0.0	0.0	0.0
66-67	0.0	0.0	0.0	0.0	0.0
68-69	0.0	0.0	0.0	0.0	0.0
70-71	0.0	0.0	0.0	0.0	0.0
72-73	0.0	0.0	0.0	0.0	0.0
74-75	0.0	0.0	0.0	0.0	0.0
76-77	0.0	0.0	0.0	0.0	0.0
78-79	0.0	0.0	0.0	0.0	0.0
80-81	0.0	0.0	0.0	0.0	0.0
82-83	0.0	0.0	0.0	0.0	0.0
84-85	0.0	0.0	0.0	0.0	0.0
86-87	0.0	0.0	0.0	0.0	0.0
88-89	0.0	0.0	0.0	0.0	0.0
>>END_MODULE
