##FastQC	0.11.9
>>Basic Statistics	pass
#Measure	Value
Filename	Tco-229_1.fq.gz
File type	Conventional base calls
Encoding	Sanger / Illumina 1.9
Total Sequences	100000
Sequences flagged as poor quality	0
Sequence length	100
%GC	49
>>END_MODULE
>>Per base sequence quality	pass
#Base	Mean	Median	Lower Quartile	Upper Quartile	10th Percentile	90th Percentile
1	34.85493	37.0	35.0	37.0	29.0	37.0
2	35.21914	37.0	36.0	37.0	30.0	38.0
3	35.40798	37.0	36.0	37.0	31.0	38.0
4	35.46448	37.0	36.0	37.0	31.0	38.0
5	35.4658	37.0	36.0	37.0	31.0	38.0
6	35.44851	37.0	36.0	37.0	31.0	38.0
7	35.5203	37.0	36.0	37.0	31.0	38.0
8	35.53443	37.0	36.0	37.0	31.0	38.0
9	35.50821	37.0	36.0	37.0	31.0	38.0
10-11	35.420375	37.0	36.0	37.0	31.0	38.0
12-13	35.530515	37.0	36.0	37.0	31.0	38.0
14-15	35.50345	37.0	36.0	37.0	31.0	38.0
16-17	35.398675	37.0	36.0	37.0	31.0	38.0
18-19	35.41375	37.0	36.0	37.0	31.0	38.0
20-21	35.431259999999995	37.0	36.0	37.0	31.0	38.0
22-23	35.401615	37.0	36.0	37.0	31.0	38.0
24-25	35.4227	37.0	36.0	37.0	31.0	38.0
26-27	35.430710000000005	37.0	36.0	37.0	31.0	38.0
28-29	35.42342	37.0	36.0	37.0	31.0	38.0
30-31	35.402789999999996	37.0	36.0	37.0	31.0	38.0
32-33	35.3654	37.0	36.0	37.0	31.0	38.0
34-35	35.390625	37.0	36.0	37.0	31.0	38.0
36-37	35.368335	37.0	36.0	37.0	31.0	38.0
38-39	35.363794999999996	37.0	36.0	37.0	31.0	38.0
40-41	35.32361	37.0	36.0	37.0	31.0	38.0
42-43	35.364025	37.0	36.0	37.0	31.0	38.0
44-45	35.34468	37.0	36.0	37.0	31.0	38.0
46-47	35.34763	37.0	36.0	37.0	31.0	38.0
48-49	35.297835000000006	37.0	36.0	37.0	31.0	38.0
50-51	35.17769	37.0	35.5	37.0	30.5	38.0
52-53	35.208945	37.0	36.0	37.0	30.5	38.0
54-55	35.205754999999996	37.0	36.0	37.0	30.5	38.0
56-57	35.166610000000006	37.0	35.0	37.0	30.0	38.0
58-59	35.199915000000004	37.0	35.5	37.0	30.5	38.0
60-61	35.139925000000005	37.0	35.0	37.0	30.0	38.0
62-63	35.11094	37.0	35.0	37.0	30.0	38.0
64-65	35.07649	37.0	35.0	37.0	30.0	38.0
66-67	35.08081	37.0	35.0	37.0	30.0	38.0
68-69	35.062275	37.0	35.0	37.0	30.0	38.0
70-71	34.995565	37.0	35.0	37.0	30.0	38.0
72-73	34.95797	37.0	35.0	37.0	30.0	38.0
74-75	34.885085000000004	37.0	35.0	37.0	29.0	38.0
76-77	34.86007	37.0	35.0	37.0	29.0	38.0
78-79	34.86121	37.0	35.0	37.0	29.0	38.0
80-81	34.796785	37.0	35.0	37.0	29.0	38.0
82-83	34.725655	37.0	35.0	37.0	29.0	38.0
84-85	34.70521	37.0	35.0	37.0	29.0	38.0
86-87	34.658435	37.0	35.0	37.0	28.5	38.0
88-89	34.600004999999996	37.0	35.0	37.0	28.0	38.0
90-91	34.563770000000005	37.0	34.5	37.0	28.0	38.0
92-93	34.490089999999995	37.0	34.5	37.0	28.0	38.0
94-95	34.457125000000005	37.0	34.0	37.0	28.0	38.0
96-97	34.407865	37.0	34.0	37.0	28.0	38.0
98-99	34.34465	37.0	34.0	37.0	27.5	38.0
100	34.2889	37.0	34.0	37.0	27.0	38.0
>>END_MODULE
>>Per sequence quality scores	pass
#Quality	Count
21	2.0
22	14.0
23	55.0
24	131.0
25	285.0
26	492.0
27	820.0
28	1146.0
29	1801.0
30	2450.0
31	3265.0
32	4510.0
33	6211.0
34	9346.0
35	18168.0
36	47011.0
37	4293.0
>>END_MODULE
>>Per base sequence content	fail
#Base	G	A	T	C
1	42.185	11.686	9.889000000000001	36.24
2	28.194999999999997	18.411	35.069	18.325
3	24.701	21.941	22.698	30.659999999999997
4	28.298000000000002	30.008000000000003	20.363999999999997	21.33
5	24.823	30.977	23.844	20.355999999999998
6	20.775	33.639	26.026	19.56
7	20.112	17.218	39.606	23.064
8	23.48	22.403000000000002	28.077999999999996	26.039
9	23.199	21.346	29.455	26.0
10-11	25.221500000000002	29.787000000000003	21.271	23.7205
12-13	24.453500000000002	23.4845	27.198	24.864
14-15	23.9805	25.265500000000003	26.7795	23.974500000000003
16-17	25.1525	24.865000000000002	25.596999999999998	24.3855
18-19	25.074999999999996	25.080000000000002	25.2985	24.546499999999998
20-21	25.2525	25.296499999999998	25.125999999999998	24.325
22-23	25.374000000000002	25.561	24.741	24.324
24-25	25.06	25.5995	24.965	24.3755
26-27	24.897	25.2935	25.27	24.5395
28-29	25.034499999999998	25.183	25.346999999999998	24.435499999999998
30-31	24.987000000000002	25.339499999999997	25.179499999999997	24.494
32-33	25.070500000000003	25.287	25.130000000000003	24.5125
34-35	24.9715	25.0635	25.184	24.781
36-37	25.089499999999997	25.095499999999998	25.2025	24.6125
38-39	24.8055	25.116500000000002	25.433	24.645
40-41	25.1975	24.9645	24.9705	24.8675
42-43	24.8635	24.944	25.343	24.8495
44-45	24.819	25.138500000000004	25.379	24.6635
46-47	25.0905	25.34	24.805	24.7645
48-49	24.948500000000003	24.894	25.177	24.9805
50-51	24.956999999999997	24.935499999999998	25.272499999999997	24.834999999999997
52-53	25.232	25.008999999999997	25.0	24.759
54-55	25.330000000000002	24.816	25.049	24.805
56-57	24.9805	24.9655	25.247500000000002	24.8065
58-59	24.945999999999998	24.983	25.224000000000004	24.847
60-61	25.057499999999997	24.846	25.087	25.009500000000003
62-63	24.677	24.903	25.4395	24.9805
64-65	25.044499999999996	24.8855	25.179499999999997	24.8905
66-67	24.996499999999997	24.779999999999998	25.206	25.0175
68-69	24.831500000000002	24.805	25.373	24.990499999999997
70-71	25.143500000000003	24.6945	25.223499999999998	24.9385
72-73	25.107000000000003	24.393	25.2745	25.2255
74-75	25.0605	24.6235	25.3635	24.9525
76-77	25.015500000000003	24.881500000000003	25.105	24.998
78-79	25.027	24.6435	25.238	25.0915
80-81	24.7895	24.6865	25.388500000000004	25.1355
82-83	25.291000000000004	24.765	25.106499999999997	24.837500000000002
84-85	25.080999999999996	24.7345	25.205499999999997	24.979000000000003
86-87	24.8825	24.8635	25.237	25.017
88-89	25.1295	24.712500000000002	25.2635	24.8945
90-91	24.954	24.7425	25.285999999999998	25.0175
92-93	24.7105	24.625	25.545499999999997	25.119000000000003
94-95	25.0845	24.729499999999998	25.196	24.990000000000002
96-97	24.884500000000003	24.813499999999998	25.1085	25.1935
98-99	24.8095	24.820999999999998	25.411	24.9585
100	24.985	24.844	24.973	25.197999999999997
>>END_MODULE
>>Per sequence GC content	pass
#GC Content	Count
0	0.0
1	0.0
2	0.0
3	0.0
4	0.0
5	0.0
6	0.0
7	0.0
8	0.0
9	1.0
10	1.0
11	0.0
12	0.5
13	0.5
14	1.0
15	2.5
16	3.0
17	7.0
18	9.0
19	11.0
20	13.0
21	13.5
22	24.5
23	34.5
24	51.0
25	74.5
26	103.5
27	144.5
28	174.0
29	240.5
30	359.0
31	441.0
32	520.0
33	639.0
34	788.0
35	947.0
36	1160.0
37	1370.5
38	1548.5
39	1781.0
40	1996.5
41	2235.0
42	2585.5
43	2930.0
44	3152.5
45	3443.0
46	3811.0
47	4079.0
48	4330.0
49	4588.0
50	4762.0
51	4825.5
52	4806.5
53	4717.5
54	4554.5
55	4417.5
56	4217.0
57	3906.5
58	3636.0
59	3298.5
60	2881.5
61	2444.5
62	1979.5
63	1587.0
64	1253.5
65	962.0
66	719.5
67	494.0
68	322.0
69	209.5
70	141.5
71	93.5
72	54.0
73	37.5
74	26.5
75	13.5
76	7.0
77	4.0
78	3.0
79	2.5
80	2.0
81	1.0
82	1.5
83	2.5
84	1.0
85	0.0
86	0.0
87	0.0
88	0.0
89	0.0
90	0.0
91	0.0
92	0.0
93	0.0
94	0.0
95	0.0
96	0.0
97	0.0
98	0.0
99	0.0
100	0.0
>>END_MODULE
>>Per base N content	pass
#Base	N-Count
1	0.0
2	0.0
3	0.0
4	0.0
5	0.0
6	0.0
7	0.0
8	0.0
9	0.0
10-11	0.0
12-13	0.0
14-15	0.0
16-17	0.0
18-19	0.0
20-21	0.0
22-23	0.0
24-25	0.0
26-27	0.0
28-29	0.0
30-31	0.0
32-33	0.0
34-35	0.0
36-37	0.0
38-39	0.0
40-41	0.0
42-43	0.0
44-45	0.0
46-47	0.0
48-49	0.0
50-51	0.0
52-53	0.0
54-55	0.0
56-57	0.0
58-59	0.0
60-61	0.0
62-63	0.0
64-65	0.0
66-67	0.0
68-69	0.0
70-71	0.0
72-73	0.0
74-75	0.0
76-77	0.0
78-79	0.0
80-81	0.0
82-83	0.0
84-85	0.0
86-87	0.0
88-89	0.0
90-91	0.0
92-93	0.0
94-95	0.0
96-97	0.0
98-99	0.0
100	0.0
>>END_MODULE
>>Sequence Length Distribution	pass
#Length	Count
100	100000.0
>>END_MODULE
>>Sequence Duplication Levels	pass
#Total Deduplicated Percentage	91.322
#Duplication Level	Percentage of deduplicated	Percentage of total
1	93.91165327084383	85.762
2	4.718468715096034	8.618
3	0.7161472591489455	1.9619999999999997
4	0.27594665031427257	1.008
5	0.12921311403604827	0.59
6	0.07227174174897615	0.396
7	0.0481811611659841	0.308
8	0.0481811611659841	0.35200000000000004
9	0.01971047502244804	0.16199999999999998
>10	0.060226451457480124	0.8420000000000001
>50	0.0	0.0
>100	0.0	0.0
>500	0.0	0.0
>1k	0.0	0.0
>5k	0.0	0.0
>10k+	0.0	0.0
>>END_MODULE
>>Overrepresented sequences	pass
>>END_MODULE
>>Adapter Content	pass
#Position	Illumina Universal Adapter	Illumina Small RNA 3' Adapter	Illumina Small RNA 5' Adapter	Nextera Transposase Sequence	SOLID Small RNA Adapter
1	0.0	0.0	0.0	0.0	0.0
2	0.0	0.0	0.0	0.0	0.0
3	0.0	0.0	0.0	0.0	0.0
4	0.0	0.0	0.0	0.0	0.0
5	0.0	0.0	0.0	0.0	0.0
6	0.0	0.0	0.0	0.0	0.0
7	0.0	0.0	0.0	0.0	0.0
8	0.0	0.0	0.0	0.0	0.0
9	0.0	0.0	0.0	0.0	0.0
10-11	0.0	0.0	0.0	0.0	0.0
12-13	0.0	0.0	0.0	0.0	0.0
14-15	0.0	0.0	0.0	0.0	0.0
16-17	0.0	0.0	0.0	0.0	0.0
18-19	0.0	0.0	0.0	0.0	0.0
20-21	0.0	0.0	0.0	0.0	0.0
22-23	0.0	0.0	0.0	0.0	0.0
24-25	0.0	0.0	0.0	0.0	0.0
26-27	0.0	0.0	0.0	0.0	0.0
28-29	0.0	0.0	0.0	0.0	0.0
30-31	0.0	0.0	0.0	0.0	0.0
32-33	0.0	0.0	0.0	0.0	0.0
34-35	0.0	0.0	0.0	0.0	0.0
36-37	0.0	0.0	0.0	0.0	0.0
38-39	0.0	0.0	0.0	0.0	0.0
40-41	0.0	0.0	0.0	0.0	0.0
42-43	0.0	0.0	0.0	0.0	0.0
44-45	0.0	0.0	0.0	0.0	0.0
46-47	0.0	0.0	0.0	0.0	0.0
48-49	0.0	0.0	0.0	0.0	0.0
50-51	0.0	0.0	0.0	0.0	0.0
52-53	0.0	0.0	0.0	0.0	0.0
54-55	0.0	0.0	0.0	0.0	0.0
56-57	0.0	0.0	0.0	0.0	0.0
58-59	0.0	0.0	0.0	0.0	0.0
60-61	0.0	0.0	0.0	0.0	0.0
62-63	0.0	0.0	0.0	0.0	0.0
64-65	0.0	0.0	0.0	0.0	0.0
66-67	0.0	0.0	0.0	0.0	0.0
68-69	0.0	0.0	0.0	0.0	0.0
70-71	0.0	0.0	0.0	0.0	0.0
72-73	0.0	0.0	0.0	0.0	0.0
74-75	0.0	0.0	0.0	0.0	0.0
76-77	0.0	0.0	0.0	0.0	0.0
78-79	0.0	0.0	0.0	0.0	0.0
80-81	0.0	0.0	0.0	0.0	0.0
82-83	0.0	0.0	0.0	0.0	0.0
84-85	0.0	0.0	0.0	0.0	0.0
86-87	0.0	0.0	0.0	0.0	0.0
88-89	0.0	0.0	0.0	0.0	0.0
>>END_MODULE
