##FastQC	0.11.9
>>Basic Statistics	pass
#Measure	Value
Filename	Tco-757_2.fq.gz
File type	Conventional base calls
Encoding	Sanger / Illumina 1.9
Total Sequences	100000
Sequences flagged as poor quality	0
Sequence length	100
%GC	49
>>END_MODULE
>>Per base sequence quality	pass
#Base	Mean	Median	Lower Quartile	Upper Quartile	10th Percentile	90th Percentile
1	35.19041	37.0	36.0	37.0	31.0	37.0
2	35.14564	37.0	36.0	37.0	30.0	37.0
3	35.31307	37.0	36.0	37.0	31.0	38.0
4	35.33163	37.0	36.0	37.0	31.0	38.0
5	35.308	37.0	36.0	37.0	31.0	38.0
6	35.08364	37.0	35.0	37.0	30.0	38.0
7	35.11595	37.0	35.0	37.0	30.0	38.0
8	35.20309	37.0	36.0	37.0	31.0	38.0
9	35.19722	37.0	36.0	37.0	31.0	38.0
10-11	35.143595	37.0	35.5	37.0	30.5	38.0
12-13	35.167959999999994	37.0	35.5	37.0	30.5	38.0
14-15	35.16297	37.0	35.5	37.0	30.0	38.0
16-17	35.094845	37.0	35.0	37.0	30.0	38.0
18-19	35.12501	37.0	35.0	37.0	30.0	38.0
20-21	35.07929	37.0	35.0	37.0	30.0	38.0
22-23	35.053444999999996	37.0	35.0	37.0	30.0	38.0
24-25	35.02118	37.0	35.0	37.0	30.0	38.0
26-27	35.05276	37.0	35.0	37.0	30.0	38.0
28-29	35.03053	37.0	35.0	37.0	30.0	38.0
30-31	34.90865	37.0	35.0	37.0	29.5	38.0
32-33	34.911730000000006	37.0	35.0	37.0	29.5	38.0
34-35	34.940535	37.0	35.0	37.0	29.5	38.0
36-37	34.924955	37.0	35.0	37.0	29.5	38.0
38-39	34.877985	37.0	35.0	37.0	29.5	38.0
40-41	34.846995	37.0	35.0	37.0	29.0	38.0
42-43	34.81112	37.0	35.0	37.0	29.0	38.0
44-45	34.757805000000005	37.0	35.0	37.0	29.0	38.0
46-47	34.666105	37.0	35.0	37.0	29.0	38.0
48-49	34.65585	37.0	35.0	37.0	29.0	38.0
50-51	34.641980000000004	37.0	35.0	37.0	29.0	38.0
52-53	34.628795	37.0	35.0	37.0	28.5	38.0
54-55	34.5843	37.0	35.0	37.0	28.0	38.0
56-57	34.511165000000005	37.0	34.0	37.0	28.0	38.0
58-59	34.56854	37.0	35.0	37.0	28.0	38.0
60-61	34.470185	37.0	34.0	37.0	28.0	38.0
62-63	34.426845	37.0	34.0	37.0	28.0	38.0
64-65	34.24677	37.0	34.0	37.0	27.5	38.0
66-67	34.34509	37.0	34.0	37.0	27.5	38.0
68-69	34.309575	37.0	34.0	37.0	27.5	38.0
70-71	34.22277	37.0	34.0	37.0	27.0	38.0
72-73	34.17317	37.0	34.0	37.0	27.0	38.0
74-75	34.07012	37.0	34.0	37.0	27.0	38.0
76-77	33.991725	37.0	34.0	37.0	26.0	38.0
78-79	33.933319999999995	37.0	33.0	37.0	26.0	38.0
80-81	33.896060000000006	37.0	33.0	37.0	26.0	38.0
82-83	33.785529999999994	37.0	33.0	37.0	26.0	38.0
84-85	33.83374	37.0	33.0	37.0	26.0	38.0
86-87	33.656495	37.0	33.0	37.0	25.0	38.0
88-89	33.583740000000006	36.0	33.0	37.0	25.0	38.0
90-91	33.489145	36.0	33.0	37.0	25.0	38.0
92-93	33.449655	36.0	33.0	37.0	24.5	38.0
94-95	33.371145	36.0	32.0	37.0	24.0	38.0
96-97	33.29513	36.0	32.0	37.0	24.0	37.5
98-99	33.285515000000004	36.0	32.0	37.0	24.0	38.0
100	33.15322	36.0	32.0	37.0	24.0	38.0
>>END_MODULE
>>Per sequence quality scores	pass
#Quality	Count
21	21.0
22	109.0
23	289.0
24	601.0
25	923.0
26	1063.0
27	1351.0
28	1712.0
29	2158.0
30	2773.0
31	3770.0
32	5229.0
33	7678.0
34	12473.0
35	23396.0
36	34550.0
37	1904.0
>>END_MODULE
>>Per base sequence content	fail
#Base	G	A	T	C
1	40.17	12.639	8.121	39.07
2	29.182999999999996	18.101	35.414	17.302
3	22.928	21.776	23.03	32.266
4	27.309	30.714999999999996	20.964	21.012
5	24.648	31.189	24.205	19.958000000000002
6	20.430999999999997	33.495000000000005	26.733	19.341
7	20.21	17.195	40.018	22.576999999999998
8	22.959	22.348000000000003	28.238999999999997	26.454
9	23.209	21.641	29.764000000000003	25.385999999999996
10-11	25.194	29.9605	21.0175	23.828
12-13	24.515500000000003	23.6785	27.2175	24.5885
14-15	24.032	25.7395	26.187500000000004	24.041
16-17	25.165	25.3005	25.263	24.2715
18-19	25.169000000000004	25.5485	24.836	24.4465
20-21	25.179000000000002	25.924500000000002	24.609	24.2875
22-23	25.066	25.833499999999997	24.615000000000002	24.4855
24-25	25.102999999999998	25.704	24.6395	24.5535
26-27	24.801000000000002	25.833499999999997	24.8485	24.517
28-29	24.948999999999998	25.5735	24.9145	24.563
30-31	25.1195	25.4885	24.852	24.54
32-33	25.03	25.642500000000002	24.7395	24.587999999999997
34-35	25.330000000000002	25.572	24.38	24.718
36-37	25.0525	25.400499999999997	24.852	24.695
38-39	25.022499999999997	25.527	24.881500000000003	24.569
40-41	25.283499999999997	25.365	24.7075	24.644
42-43	24.975	25.3635	24.7885	24.873
44-45	24.9285	25.6475	24.6575	24.7665
46-47	25.317	25.572499999999998	24.5585	24.552
48-49	25.183	25.478499999999997	24.592	24.746499999999997
50-51	25.014999999999997	25.583499999999997	24.754	24.6475
52-53	25.2865	25.3055	24.549000000000003	24.859
54-55	25.108000000000004	25.2495	24.712500000000002	24.93
56-57	24.942	25.628	24.610000000000003	24.82
58-59	25.007	25.4985	24.69	24.804499999999997
60-61	25.192999999999998	25.156499999999998	24.561	25.089499999999997
62-63	25.002000000000002	25.39	24.645	24.962999999999997
64-65	25.3295	25.3005	24.6135	24.7565
66-67	25.002000000000002	25.282500000000002	24.654	25.0615
68-69	25.1245	25.234499999999997	24.791	24.85
70-71	25.416	24.959	24.744	24.881
72-73	25.201	24.9635	24.781	25.0545
74-75	25.348	24.9125	24.898	24.8415
76-77	25.3005	25.155	24.5925	24.951999999999998
78-79	25.130000000000003	25.066	24.6955	25.1085
80-81	24.948	25.435999999999996	24.590500000000002	25.0255
82-83	25.155	25.19	24.5645	25.0905
84-85	25.156	25.0675	24.834	24.942500000000003
86-87	25.138500000000004	25.0665	24.791	25.003999999999998
88-89	25.2425	25.274	24.484	24.9995
90-91	25.2915	25.1695	24.6615	24.8775
92-93	24.973	25.128	24.739	25.16
94-95	25.256	25.282500000000002	24.515500000000003	24.945999999999998
96-97	25.327499999999997	25.0695	24.625	24.978
98-99	25.265500000000003	25.207	24.592	24.935499999999998
100	25.548	25.179000000000002	24.312	24.961
>>END_MODULE
>>Per sequence GC content	pass
#GC Content	Count
0	0.0
1	0.0
2	0.0
3	0.0
4	0.0
5	0.0
6	0.0
7	1.0
8	1.0
9	0.5
10	0.5
11	0.0
12	0.0
13	2.0
14	3.5
15	3.0
16	4.0
17	6.0
18	8.0
19	8.5
20	7.5
21	9.0
22	17.0
23	33.0
24	48.5
25	71.5
26	119.5
27	162.5
28	189.0
29	250.5
30	322.0
31	412.5
32	538.0
33	671.0
34	795.0
35	950.0
36	1142.0
37	1312.5
38	1484.0
39	1647.0
40	1897.0
41	2253.5
42	2592.5
43	2882.0
44	3131.0
45	3451.0
46	3839.0
47	4138.5
48	4326.5
49	4579.0
50	4867.5
51	4896.0
52	4760.0
53	4749.5
54	4663.5
55	4464.5
56	4251.0
57	3932.0
58	3570.0
59	3211.5
60	2814.5
61	2405.5
62	2002.5
63	1636.0
64	1284.0
65	950.5
66	712.0
67	504.5
68	339.0
69	227.0
70	159.0
71	105.0
72	65.5
73	40.5
74	24.5
75	16.0
76	10.0
77	8.5
78	5.5
79	5.0
80	2.5
81	1.0
82	1.0
83	0.5
84	1.0
85	1.0
86	1.0
87	0.5
88	0.0
89	0.5
90	0.5
91	0.0
92	0.0
93	0.0
94	0.0
95	0.0
96	0.0
97	0.0
98	0.0
99	0.0
100	0.0
>>END_MODULE
>>Per base N content	pass
#Base	N-Count
1	0.0
2	0.0
3	0.0
4	0.0
5	0.0
6	0.0
7	0.0
8	0.0
9	0.0
10-11	0.0
12-13	0.0
14-15	0.0
16-17	0.0
18-19	0.0
20-21	0.0
22-23	0.0
24-25	0.0
26-27	0.0
28-29	0.0
30-31	0.0
32-33	0.0
34-35	0.0
36-37	0.0
38-39	0.0
40-41	0.0
42-43	0.0
44-45	0.0
46-47	0.0
48-49	0.0
50-51	0.0
52-53	0.0
54-55	0.0
56-57	0.0
58-59	0.0
60-61	0.0
62-63	0.0
64-65	0.0
66-67	0.0
68-69	0.0
70-71	0.0
72-73	0.0
74-75	0.0
76-77	0.0
78-79	0.0
80-81	0.0
82-83	0.0
84-85	0.0
86-87	0.0
88-89	0.0
90-91	0.0
92-93	0.0
94-95	0.0
96-97	0.0
98-99	0.0
100	0.0
>>END_MODULE
>>Sequence Length Distribution	pass
#Length	Count
100	100000.0
>>END_MODULE
>>Sequence Duplication Levels	pass
#Total Deduplicated Percentage	92.548
#Duplication Level	Percentage of deduplicated	Percentage of total
1	94.66979297229545	87.615
2	4.149198253879068	7.68
3	0.6656005532264339	1.848
4	0.2171845961014825	0.804
5	0.09724683407529065	0.44999999999999996
6	0.06483122271686044	0.36
7	0.04105977438734495	0.266
8	0.025932489086744177	0.192
9	0.017288326057829453	0.14400000000000002
>10	0.051864978173488355	0.641
>50	0.0	0.0
>100	0.0	0.0
>500	0.0	0.0
>1k	0.0	0.0
>5k	0.0	0.0
>10k+	0.0	0.0
>>END_MODULE
>>Overrepresented sequences	pass
>>END_MODULE
>>Adapter Content	pass
#Position	Illumina Universal Adapter	Illumina Small RNA 3' Adapter	Illumina Small RNA 5' Adapter	Nextera Transposase Sequence	SOLID Small RNA Adapter
1	0.0	0.0	0.0	0.0	0.0
2	0.0	0.0	0.0	0.0	0.0
3	0.0	0.0	0.0	0.0	0.0
4	0.0	0.0	0.0	0.0	0.0
5	0.0	0.0	0.0	0.0	0.0
6	0.0	0.0	0.0	0.0	0.0
7	0.0	0.0	0.0	0.0	0.0
8	0.0	0.0	0.0	0.0	0.0
9	0.0	0.0	0.0	0.0	0.0
10-11	0.0	0.0	0.0	0.0	0.0
12-13	0.0	0.0	0.0	0.0	0.0
14-15	0.0	0.0	0.0	0.0	0.0
16-17	0.0	0.0	0.0	0.0	0.0
18-19	0.0	0.0	0.0	0.0	0.0
20-21	0.0	0.0	0.0	0.0	0.0
22-23	0.0	0.0	0.0	0.0	0.0
24-25	0.0	0.0	0.0	0.0	0.0
26-27	0.0	0.0	0.0	0.0	0.0
28-29	0.0	0.0	0.0	0.0	0.0
30-31	0.0	0.0	0.0	0.0	0.0
32-33	0.0	0.0	0.0	0.0	0.0
34-35	0.0	0.0	0.0	0.0	0.0
36-37	0.0	0.0	0.0	0.0	0.0
38-39	0.0	0.0	0.0	0.0	0.0
40-41	0.0	0.0	0.0	0.0	0.0
42-43	0.0	0.0	0.0	0.0	0.0
44-45	0.0	0.0	0.0	0.0	0.0
46-47	0.0	0.0	0.0	0.0	0.0
48-49	0.0	0.0	0.0	0.0	0.0
50-51	0.0	0.0	0.0	0.0	0.0
52-53	0.0	0.0	0.0	0.0	0.0
54-55	0.0	0.0	0.0	0.0	0.0
56-57	0.0	0.0	0.0	0.0	0.0
58-59	0.0	0.0	0.0	0.0	0.0
60-61	0.0	0.0	0.0	0.0	0.0
62-63	0.0	0.0	0.0	0.0	0.0
64-65	0.0	0.0	0.0	0.0	0.0
66-67	0.0	0.0	0.0	0.0	0.0
68-69	0.0	0.0	0.0	0.0	0.0
70-71	0.0	0.0	0.0	0.0	0.0
72-73	0.0	0.0	0.0	0.0	0.0
74-75	0.0	0.0	0.0	0.0	0.0
76-77	0.0	0.0	0.0	0.0	0.0
78-79	0.0	0.0	0.0	0.0	0.0
80-81	0.0	0.0	0.0	0.0	0.0
82-83	0.0	0.0	0.0	0.0	0.0
84-85	0.0	0.0	0.0	0.0	0.0
86-87	0.0	0.0	0.0	0.0	0.0
88-89	0.0	0.0	0.0	0.0	0.0
>>END_MODULE
