##FastQC	0.11.9
>>Basic Statistics	pass
#Measure	Value
Filename	Tco-159_2.fq.gz
File type	Conventional base calls
Encoding	Sanger / Illumina 1.9
Total Sequences	100000
Sequences flagged as poor quality	0
Sequence length	100
%GC	49
>>END_MODULE
>>Per base sequence quality	pass
#Base	Mean	Median	Lower Quartile	Upper Quartile	10th Percentile	90th Percentile
1	34.99861	37.0	35.0	37.0	30.0	37.0
2	34.78555	37.0	35.0	37.0	29.0	37.0
3	35.03631	37.0	35.0	37.0	30.0	37.0
4	34.9937	37.0	35.0	37.0	30.0	37.0
5	34.93554	37.0	35.0	37.0	30.0	37.0
6	34.786	37.0	35.0	37.0	29.0	37.0
7	34.81412	37.0	35.0	37.0	29.0	37.0
8	34.94994	37.0	35.0	37.0	30.0	37.0
9	34.86461	37.0	35.0	37.0	29.0	37.0
10-11	34.84889	37.0	35.0	37.0	29.5	37.0
12-13	34.833605000000006	37.0	35.0	37.0	29.0	37.0
14-15	34.83595	37.0	35.0	37.0	29.0	37.0
16-17	34.801615	37.0	35.0	37.0	29.0	37.0
18-19	34.793255	37.0	35.0	37.0	29.0	37.0
20-21	34.745329999999996	37.0	35.0	37.0	29.0	37.0
22-23	34.710634999999996	37.0	35.0	37.0	29.0	37.0
24-25	34.701620000000005	37.0	35.0	37.0	29.0	37.0
26-27	34.684475000000006	37.0	35.0	37.0	29.0	37.0
28-29	34.647185	37.0	35.0	37.0	29.0	37.0
30-31	34.6276	37.0	35.0	37.0	29.0	37.0
32-33	34.585345000000004	37.0	35.0	37.0	28.0	37.0
34-35	34.566445	37.0	35.0	37.0	28.0	37.0
36-37	34.51472	37.0	34.5	37.0	28.0	37.0
38-39	34.472595	37.0	34.0	37.0	28.0	37.0
40-41	34.488524999999996	37.0	34.0	37.0	28.0	37.0
42-43	34.440025000000006	37.0	34.0	37.0	28.0	37.0
44-45	34.39008	37.0	34.0	37.0	28.0	37.0
46-47	34.352455	37.0	34.0	37.0	28.0	37.0
48-49	34.30917	37.0	34.0	37.0	27.5	37.0
50-51	34.248025	37.0	34.0	37.0	27.0	37.0
52-53	34.22938499999999	37.0	34.0	37.0	27.0	37.0
54-55	34.196105	37.0	34.0	37.0	27.0	37.0
56-57	34.125595000000004	37.0	34.0	37.0	27.0	37.0
58-59	34.07085	37.0	34.0	37.0	27.0	37.0
60-61	34.045885	37.0	34.0	37.0	27.0	37.0
62-63	33.936655	37.0	33.5	37.0	26.0	37.0
64-65	33.9214	37.0	33.5	37.0	26.0	37.0
66-67	33.842025	37.0	33.0	37.0	26.0	37.0
68-69	33.79184	37.0	33.0	37.0	26.0	37.0
70-71	33.771825	37.0	33.0	37.0	26.0	37.0
72-73	33.7023	37.0	33.0	37.0	25.5	37.0
74-75	33.63122	36.5	33.0	37.0	25.0	37.0
76-77	33.544345	36.0	33.0	37.0	25.0	37.0
78-79	33.495485	36.0	33.0	37.0	25.0	37.0
80-81	33.412015	36.0	32.5	37.0	24.5	37.0
82-83	33.329625	36.0	32.0	37.0	24.0	37.0
84-85	33.30736	36.0	32.0	37.0	24.0	37.0
86-87	33.18272	36.0	32.0	37.0	24.0	37.0
88-89	33.108090000000004	36.0	32.0	37.0	24.0	37.0
90-91	33.008945	36.0	32.0	37.0	23.0	37.0
92-93	32.95746	36.0	32.0	37.0	23.0	37.0
94-95	32.775425	36.0	31.0	37.0	22.5	37.0
96-97	32.831035	36.0	31.5	37.0	23.0	37.0
98-99	32.643519999999995	36.0	31.0	37.0	22.0	37.0
100	32.59739	36.0	31.0	37.0	22.0	37.0
>>END_MODULE
>>Per sequence quality scores	pass
#Quality	Count
20	1.0
21	25.0
22	187.0
23	480.0
24	849.0
25	1162.0
26	1472.0
27	1749.0
28	2188.0
29	2914.0
30	3571.0
31	4703.0
32	6145.0
33	8755.0
34	13052.0
35	21032.0
36	28931.0
37	2784.0
>>END_MODULE
>>Per base sequence content	fail
#Base	G	A	T	C
1	40.403	12.31	8.453	38.834
2	28.842000000000002	17.647	35.674	17.837
3	23.021	21.634	23.329	32.016
4	27.412999999999997	30.148999999999997	21.096	21.342
5	24.331	31.058000000000003	24.159	20.452
6	20.546	33.303	26.901000000000003	19.25
7	20.142	17.357	40.144000000000005	22.357
8	22.997999999999998	22.468	28.349999999999998	26.184
9	23.297	21.464	29.791	25.447999999999997
10-11	24.947	29.913	21.306	23.834
12-13	24.3595	23.716	27.272999999999996	24.651500000000002
14-15	23.7955	25.779999999999998	26.482499999999998	23.942
16-17	25.121	25.0545	25.549	24.2755
18-19	25.0235	25.283	25.052000000000003	24.6415
20-21	24.9585	25.496999999999996	25.1405	24.404
22-23	25.119000000000003	25.7025	24.6135	24.565
24-25	24.8185	25.5245	24.9285	24.7285
26-27	24.557000000000002	25.638499999999997	25.288500000000003	24.516
28-29	24.956	25.718999999999998	24.864	24.461
30-31	24.9835	25.444	24.9025	24.67
32-33	24.9435	25.703	24.7085	24.645
34-35	25.105499999999996	25.5185	24.5315	24.8445
36-37	24.876	25.2645	25.034	24.8255
38-39	24.685000000000002	25.538	25.037	24.740000000000002
40-41	24.973	25.271500000000003	24.901999999999997	24.8535
42-43	25.0245	25.212	24.8475	24.916
44-45	24.7135	25.399500000000003	24.913	24.974
46-47	25.008999999999997	25.6475	24.637500000000003	24.706
48-49	25.155499999999996	25.06	24.7745	25.009999999999998
50-51	24.7645	25.2575	25.094	24.884
52-53	25.226	25.1645	24.6775	24.932000000000002
54-55	24.987000000000002	25.233	24.813	24.967
56-57	24.798000000000002	25.185999999999996	24.9615	25.0545
58-59	25.093	25.1535	24.740000000000002	25.0135
60-61	25.003999999999998	24.986	24.868000000000002	25.141999999999996
62-63	24.912	25.107499999999998	25.089	24.8915
64-65	25.068	25.3075	24.6595	24.965
66-67	25.1155	25.224000000000004	24.7385	24.922
68-69	24.942500000000003	25.202	24.9845	24.871
70-71	25.321500000000004	24.9885	24.693	24.997
72-73	25.045499999999997	24.8995	24.977	25.078
74-75	25.0	25.025	24.9815	24.993499999999997
76-77	25.03	25.131500000000003	24.677	25.161499999999997
78-79	25.032500000000002	24.88	24.8865	25.201
80-81	24.987000000000002	24.901	25.057499999999997	25.0545
82-83	25.135999999999996	25.0965	24.8905	24.877
84-85	24.9695	24.872	24.8195	25.339
86-87	24.9895	25.0735	24.9105	25.026500000000002
88-89	25.3595	24.9075	24.641	25.092
90-91	24.878	24.941	24.865000000000002	25.316
92-93	25.1535	24.783	24.9435	25.119999999999997
94-95	25.144499999999997	25.0805	24.5655	25.209500000000002
96-97	25.2255	24.8225	24.823	25.129
98-99	25.002000000000002	25.2145	24.704	25.0795
100	25.641000000000002	24.779999999999998	24.381	25.197999999999997
>>END_MODULE
>>Per sequence GC content	pass
#GC Content	Count
0	0.0
1	1.0
2	1.0
3	0.5
4	0.5
5	0.0
6	0.0
7	0.5
8	0.5
9	1.0
10	1.0
11	0.5
12	1.5
13	1.5
14	1.0
15	2.5
16	4.0
17	4.0
18	5.5
19	7.5
20	11.0
21	15.0
22	20.5
23	33.0
24	54.0
25	81.5
26	107.5
27	140.0
28	178.5
29	230.0
30	319.0
31	425.5
32	521.0
33	649.0
34	783.0
35	910.5
36	1145.5
37	1390.5
38	1548.5
39	1748.5
40	1982.0
41	2288.0
42	2612.0
43	2850.5
44	3124.0
45	3516.0
46	3853.0
47	4138.5
48	4432.5
49	4596.5
50	4765.5
51	4834.5
52	4814.5
53	4666.0
54	4523.0
55	4469.5
56	4149.5
57	3857.0
58	3591.0
59	3172.5
60	2794.5
61	2425.5
62	1990.0
63	1612.0
64	1288.0
65	983.5
66	727.5
67	497.5
68	347.0
69	251.5
70	175.5
71	107.5
72	66.0
73	50.0
74	33.0
75	18.5
76	12.0
77	10.0
78	8.5
79	6.5
80	4.5
81	4.0
82	2.5
83	1.5
84	0.0
85	0.0
86	0.5
87	0.5
88	0.0
89	0.0
90	0.0
91	0.0
92	0.0
93	0.0
94	0.0
95	0.0
96	0.0
97	0.0
98	0.0
99	0.0
100	0.0
>>END_MODULE
>>Per base N content	pass
#Base	N-Count
1	0.0
2	0.0
3	0.0
4	0.0
5	0.0
6	0.0
7	0.0
8	0.0
9	0.0
10-11	0.0
12-13	0.0
14-15	0.0
16-17	0.0
18-19	0.0
20-21	0.0
22-23	0.0
24-25	0.0
26-27	0.0
28-29	0.0
30-31	0.0
32-33	0.0
34-35	0.0
36-37	0.0
38-39	0.0
40-41	0.0
42-43	0.0
44-45	0.0
46-47	0.0
48-49	0.0
50-51	0.0
52-53	0.0
54-55	0.0
56-57	0.0
58-59	0.0
60-61	0.0
62-63	0.0
64-65	0.0
66-67	0.0
68-69	0.0
70-71	0.0
72-73	0.0
74-75	0.0
76-77	0.0
78-79	0.0
80-81	0.0
82-83	0.0
84-85	0.0
86-87	0.0
88-89	0.0
90-91	0.0
92-93	0.0
94-95	0.0
96-97	0.0
98-99	0.0
100	0.0
>>END_MODULE
>>Sequence Length Distribution	pass
#Length	Count
100	100000.0
>>END_MODULE
>>Sequence Duplication Levels	pass
#Total Deduplicated Percentage	92.65
#Duplication Level	Percentage of deduplicated	Percentage of total
1	94.57420399352402	87.62299999999999
2	4.318402590393956	8.001999999999999
3	0.6141392336751215	1.7069999999999999
4	0.22450080949811116	0.832
5	0.0928224500809498	0.43
6	0.05288720992984349	0.294
7	0.03993524015110631	0.259
8	0.023745277927684834	0.17600000000000002
9	0.01618996222342148	0.135
>10	0.04317323259579061	0.542
>50	0.0	0.0
>100	0.0	0.0
>500	0.0	0.0
>1k	0.0	0.0
>5k	0.0	0.0
>10k+	0.0	0.0
>>END_MODULE
>>Overrepresented sequences	pass
>>END_MODULE
>>Adapter Content	pass
#Position	Illumina Universal Adapter	Illumina Small RNA 3' Adapter	Illumina Small RNA 5' Adapter	Nextera Transposase Sequence	SOLID Small RNA Adapter
1	0.0	0.0	0.0	0.0	0.0
2	0.0	0.0	0.0	0.0	0.0
3	0.0	0.0	0.0	0.0	0.0
4	0.0	0.0	0.0	0.0	0.0
5	0.0	0.0	0.0	0.0	0.0
6	0.0	0.0	0.0	0.0	0.0
7	0.0	0.0	0.0	0.0	0.0
8	0.0	0.0	0.0	0.0	0.0
9	0.0	0.0	0.0	0.0	0.0
10-11	0.0	0.0	0.0	0.0	0.0
12-13	0.0	0.0	0.0	0.0	0.0
14-15	0.0	0.0	0.0	0.0	0.0
16-17	0.0	0.0	0.0	0.0	0.0
18-19	0.0	0.0	0.0	0.0	0.0
20-21	0.0	0.0	0.0	0.0	0.0
22-23	0.0	0.0	0.0	0.0	0.0
24-25	0.0	0.0	0.0	0.0	0.0
26-27	0.0	0.0	0.0	0.0	0.0
28-29	0.0	0.0	0.0	0.0	0.0
30-31	0.0	0.0	0.0	0.0	0.0
32-33	0.0	0.0	0.0	0.0	0.0
34-35	0.0	0.0	0.0	0.0	0.0
36-37	0.0	0.0	0.0	0.0	0.0
38-39	0.0	0.0	0.0	0.0	0.0
40-41	0.0	0.0	0.0	0.0	0.0
42-43	0.0	0.0	0.0	0.0	0.0
44-45	0.0	0.0	0.0	0.0	0.0
46-47	0.0	0.0	0.0	0.0	0.0
48-49	0.0	0.0	0.0	0.0	0.0
50-51	0.0	0.0	0.0	0.0	0.0
52-53	0.0	0.0	0.0	0.0	0.0
54-55	0.0	0.0	0.0	0.0	0.0
56-57	0.0	0.0	0.0	0.0	0.0
58-59	0.0	0.0	0.0	0.0	0.0
60-61	0.0	0.0	0.0	0.0	0.0
62-63	0.0	0.0	0.0	0.0	0.0
64-65	0.0	0.0	0.0	0.0	0.0
66-67	0.0	0.0	0.0	0.0	0.0
68-69	0.0	0.0	0.0	0.0	0.0
70-71	0.0	0.0	0.0	0.0	0.0
72-73	0.0	0.0	0.0	0.0	0.0
74-75	0.0	0.0	0.0	0.0	0.0
76-77	0.0	0.0	0.0	0.0	0.0
78-79	0.0	0.0	0.0	0.0	0.0
80-81	0.0	0.0	0.0	0.0	0.0
82-83	0.0	0.0	0.0	0.0	0.0
84-85	0.0	0.0	0.0	0.0	0.0
86-87	0.0	0.0	0.0	0.0	0.0
88-89	0.0	0.0	0.0	0.0	0.0
>>END_MODULE
