##FastQC	0.11.9
>>Basic Statistics	pass
#Measure	Value
Filename	Tco-160_1.fq.gz
File type	Conventional base calls
Encoding	Sanger / Illumina 1.9
Total Sequences	100000
Sequences flagged as poor quality	0
Sequence length	100
%GC	49
>>END_MODULE
>>Per base sequence quality	pass
#Base	Mean	Median	Lower Quartile	Upper Quartile	10th Percentile	90th Percentile
1	34.89894	37.0	35.0	37.0	29.0	37.0
2	35.02081	37.0	35.0	37.0	30.0	38.0
3	34.86458	37.0	35.0	37.0	29.0	38.0
4	35.28362	37.0	36.0	37.0	31.0	38.0
5	35.28708	37.0	36.0	37.0	31.0	38.0
6	35.2817	37.0	36.0	37.0	31.0	38.0
7	35.32807	37.0	36.0	37.0	31.0	38.0
8	35.32059	37.0	36.0	37.0	31.0	38.0
9	35.31614	37.0	36.0	37.0	31.0	38.0
10-11	35.245975	37.0	35.5	37.0	30.5	38.0
12-13	35.32661	37.0	36.0	37.0	31.0	38.0
14-15	35.286235	37.0	36.0	37.0	31.0	38.0
16-17	35.223095	37.0	36.0	37.0	31.0	38.0
18-19	35.211955	37.0	36.0	37.0	30.5	38.0
20-21	35.198184999999995	37.0	36.0	37.0	30.0	38.0
22-23	35.173005	37.0	35.0	37.0	30.0	38.0
24-25	35.18361	37.0	35.0	37.0	30.0	38.0
26-27	35.165835	37.0	35.0	37.0	30.0	38.0
28-29	35.1797	37.0	35.0	37.0	30.0	38.0
30-31	35.164249999999996	37.0	35.5	37.0	30.0	38.0
32-33	35.119294999999994	37.0	35.0	37.0	30.0	38.0
34-35	35.140164999999996	37.0	35.0	37.0	30.0	38.0
36-37	35.09595	37.0	35.0	37.0	30.0	38.0
38-39	35.090385	37.0	35.0	37.0	30.0	38.0
40-41	35.091	37.0	35.0	37.0	30.0	38.0
42-43	35.050615	37.0	35.0	37.0	30.0	38.0
44-45	35.03772	37.0	35.0	37.0	30.0	38.0
46-47	35.02664	37.0	35.0	37.0	30.0	38.0
48-49	35.02193	37.0	35.0	37.0	30.0	38.0
50-51	34.90224	37.0	35.0	37.0	29.5	38.0
52-53	34.877315	37.0	35.0	37.0	29.0	38.0
54-55	34.872455	37.0	35.0	37.0	29.0	38.0
56-57	34.839015	37.0	35.0	37.0	29.0	38.0
58-59	34.793195	37.0	35.0	37.0	29.0	38.0
60-61	34.78467	37.0	35.0	37.0	29.0	38.0
62-63	34.72953	37.0	35.0	37.0	29.0	38.0
64-65	34.711465000000004	37.0	35.0	37.0	29.0	38.0
66-67	34.6929	37.0	35.0	37.0	29.0	38.0
68-69	34.655699999999996	37.0	35.0	37.0	29.0	38.0
70-71	34.628885	37.0	35.0	37.0	28.5	38.0
72-73	34.594775	37.0	35.0	37.0	28.0	38.0
74-75	34.48095	37.0	34.5	37.0	28.0	38.0
76-77	34.36053	37.0	34.0	37.0	28.0	38.0
78-79	34.413725	37.0	34.0	37.0	28.0	38.0
80-81	34.374555	37.0	34.0	37.0	28.0	38.0
82-83	34.351845	37.0	34.0	37.0	28.0	38.0
84-85	34.288545	37.0	34.0	37.0	27.0	38.0
86-87	34.266115	37.0	34.0	37.0	27.0	38.0
88-89	34.2115	37.0	34.0	37.0	27.0	38.0
90-91	34.144085000000004	37.0	34.0	37.0	27.0	38.0
92-93	34.103335	37.0	34.0	37.0	27.0	38.0
94-95	34.026709999999994	37.0	34.0	37.0	26.0	38.0
96-97	34.05821	37.0	34.0	37.0	26.5	38.0
98-99	33.910055	37.0	33.0	37.0	26.0	38.0
100	33.89167	37.0	33.0	37.0	26.0	38.0
>>END_MODULE
>>Per sequence quality scores	pass
#Quality	Count
21	2.0
22	20.0
23	85.0
24	190.0
25	378.0
26	627.0
27	1021.0
28	1489.0
29	2169.0
30	3050.0
31	4072.0
32	5471.0
33	7261.0
34	10811.0
35	19945.0
36	39890.0
37	3519.0
>>END_MODULE
>>Per base sequence content	fail
#Base	G	A	T	C
1	40.323	12.622	8.105	38.95
2	27.345000000000002	17.943	37.461	17.251
3	22.448999999999998	21.741	23.977	31.833
4	26.419999999999998	30.59	21.816	21.174
5	24.208	30.863000000000003	24.975	19.954
6	20.137	32.915	27.508	19.439999999999998
7	20.041999999999998	17.06	40.372	22.526
8	22.88	21.84	28.843999999999998	26.436
9	22.747	20.849	30.436000000000003	25.968000000000004
10-11	24.926000000000002	29.3525	21.7535	23.968
12-13	24.1435	23.193	27.749499999999998	24.914
14-15	23.528	25.289	26.919500000000003	24.2635
16-17	24.948500000000003	24.9115	26.0175	24.1225
18-19	24.9955	24.993499999999997	25.323	24.688
20-21	25.095	25.244	25.226	24.435000000000002
22-23	24.996499999999997	25.526500000000002	25.031	24.446
24-25	24.8835	25.4145	25.0435	24.6585
26-27	24.770500000000002	25.346000000000004	25.39	24.4935
28-29	25.066	25.1785	25.2675	24.488
30-31	24.982	25.1715	25.0675	24.779
32-33	24.9065	25.2735	25.172	24.648
34-35	25.3365	25.040000000000003	25.067	24.5565
36-37	25.032500000000002	25.0585	25.118000000000002	24.791
38-39	24.738	25.327499999999997	25.2675	24.667
40-41	25.032	25.0235	25.3045	24.64
42-43	25.095499999999998	24.705	25.198999999999998	25.0005
44-45	24.976499999999998	25.142999999999997	25.137999999999998	24.7425
46-47	24.926499999999997	25.034499999999998	25.207	24.832
48-49	24.9705	24.962500000000002	24.990000000000002	25.076999999999998
50-51	24.9995	24.9735	25.27	24.757
52-53	25.125999999999998	24.903	25.067	24.904
54-55	25.048	24.88	25.0605	25.011499999999998
56-57	25.083	24.81	25.2305	24.8765
58-59	25.100499999999997	24.911	25.016	24.9725
60-61	25.027500000000003	24.988	25.0535	24.931
62-63	24.9435	24.976000000000003	25.281	24.7995
64-65	25.028499999999998	25.0475	25.0965	24.8275
66-67	24.9205	24.837999999999997	25.1525	25.089
68-69	24.8645	24.826500000000003	25.2625	25.046499999999998
70-71	25.119000000000003	24.610000000000003	25.2745	24.996499999999997
72-73	25.094499999999996	24.6785	25.107499999999998	25.1195
74-75	24.9025	24.668499999999998	25.522	24.907
76-77	25.255	24.9675	24.8485	24.929000000000002
78-79	24.990499999999997	24.6835	25.296999999999997	25.029
80-81	24.812	24.875	25.350499999999997	24.962500000000002
82-83	25.100499999999997	24.7775	25.230999999999998	24.891
84-85	25.116	24.7565	25.141999999999996	24.9855
86-87	24.7605	24.884500000000003	25.223499999999998	25.131500000000003
88-89	24.961	25.018	25.044	24.977
90-91	24.969	24.844	25.1045	25.082500000000003
92-93	24.668	24.732000000000003	25.528000000000002	25.072
94-95	25.2075	24.8905	24.932000000000002	24.97
96-97	24.94	24.691499999999998	25.148	25.2205
98-99	25.0975	25.044	25.040499999999998	24.818
100	25.354	24.703	24.877	25.066
>>END_MODULE
>>Per sequence GC content	pass
#GC Content	Count
0	0.0
1	0.0
2	0.0
3	0.0
4	0.0
5	0.0
6	0.0
7	0.0
8	0.0
9	0.0
10	0.0
11	1.0
12	1.5
13	1.0
14	1.0
15	2.0
16	4.5
17	6.0
18	7.0
19	10.0
20	13.0
21	19.0
22	30.5
23	38.5
24	59.5
25	89.0
26	121.0
27	161.0
28	210.5
29	276.0
30	358.5
31	448.5
32	541.0
33	657.5
34	802.0
35	978.0
36	1149.0
37	1344.5
38	1530.5
39	1707.5
40	1974.0
41	2257.0
42	2566.0
43	2871.0
44	3127.0
45	3423.5
46	3815.0
47	4155.0
48	4385.0
49	4646.0
50	4831.0
51	4870.0
52	4804.0
53	4708.5
54	4602.0
55	4480.0
56	4267.0
57	3910.5
58	3572.0
59	3244.5
60	2833.5
61	2397.0
62	1977.0
63	1581.0
64	1218.5
65	917.5
66	665.5
67	445.0
68	305.0
69	209.0
70	137.0
71	80.0
72	44.5
73	36.0
74	29.5
75	18.0
76	12.0
77	7.5
78	2.5
79	2.0
80	1.5
81	0.5
82	1.0
83	1.0
84	0.0
85	0.0
86	0.0
87	0.0
88	0.0
89	0.0
90	0.0
91	0.0
92	0.0
93	0.0
94	0.0
95	0.0
96	0.0
97	0.0
98	0.0
99	0.0
100	0.0
>>END_MODULE
>>Per base N content	pass
#Base	N-Count
1	0.0
2	0.0
3	0.0
4	0.0
5	0.0
6	0.0
7	0.0
8	0.0
9	0.0
10-11	0.0
12-13	0.0
14-15	0.0
16-17	0.0
18-19	0.0
20-21	0.0
22-23	0.0
24-25	0.0
26-27	0.0
28-29	0.0
30-31	0.0
32-33	0.0
34-35	0.0
36-37	0.0
38-39	0.0
40-41	0.0
42-43	0.0
44-45	0.0
46-47	0.0
48-49	0.0
50-51	0.0
52-53	0.0
54-55	0.0
56-57	0.0
58-59	0.0
60-61	0.0
62-63	0.0
64-65	0.0
66-67	0.0
68-69	0.0
70-71	0.0
72-73	0.0
74-75	0.0
76-77	0.0
78-79	0.0
80-81	0.0
82-83	0.0
84-85	0.0
86-87	0.0
88-89	0.0
90-91	0.0
92-93	0.0
94-95	0.0
96-97	0.0
98-99	0.0
100	0.0
>>END_MODULE
>>Sequence Length Distribution	pass
#Length	Count
100	100000.0
>>END_MODULE
>>Sequence Duplication Levels	pass
#Total Deduplicated Percentage	91.794
#Duplication Level	Percentage of deduplicated	Percentage of total
1	94.17608994051899	86.44800000000001
2	4.57437305270497	8.398
3	0.6514587010044229	1.794
4	0.23095191406845764	0.848
5	0.13399568599254855	0.615
6	0.07407891583327887	0.40800000000000003
7	0.0468440203063381	0.301
8	0.026145499705863127	0.192
9	0.02396670806370787	0.198
>10	0.062095561801424934	0.7979999999999999
>50	0.0	0.0
>100	0.0	0.0
>500	0.0	0.0
>1k	0.0	0.0
>5k	0.0	0.0
>10k+	0.0	0.0
>>END_MODULE
>>Overrepresented sequences	pass
>>END_MODULE
>>Adapter Content	pass
#Position	Illumina Universal Adapter	Illumina Small RNA 3' Adapter	Illumina Small RNA 5' Adapter	Nextera Transposase Sequence	SOLID Small RNA Adapter
1	0.0	0.0	0.0	0.0	0.0
2	0.0	0.0	0.0	0.0	0.0
3	0.0	0.0	0.0	0.0	0.0
4	0.0	0.0	0.0	0.0	0.0
5	0.0	0.0	0.0	0.0	0.0
6	0.0	0.0	0.0	0.0	0.0
7	0.0	0.0	0.0	0.0	0.0
8	0.0	0.0	0.0	0.0	0.0
9	0.0	0.0	0.0	0.0	0.0
10-11	0.0	0.0	0.0	0.0	0.0
12-13	0.0	0.0	0.0	0.0	0.0
14-15	0.0	0.0	0.0	0.0	0.0
16-17	0.0	0.0	0.0	0.0	0.0
18-19	0.0	0.0	0.0	0.0	0.0
20-21	0.0	0.0	0.0	0.0	0.0
22-23	0.0	0.0	0.0	0.0	0.0
24-25	0.0	0.0	0.0	0.0	0.0
26-27	0.0	0.0	0.0	0.0	0.0
28-29	0.0	0.0	0.0	0.0	0.0
30-31	0.0	0.0	0.0	0.0	0.0
32-33	0.0	0.0	0.0	0.0	5.0E-4
34-35	0.0	0.0	0.0	0.0	0.001
36-37	0.0	0.0	0.0	0.0	0.001
38-39	0.0	0.0	0.0	0.0	0.001
40-41	0.0	0.0	0.0	0.0	0.001
42-43	0.0	0.0	0.0	0.0	0.001
44-45	0.0	0.0	0.0	0.0	0.001
46-47	0.0	0.0	0.0	0.0	0.001
48-49	0.0	0.0	0.0	0.0	0.001
50-51	0.0	0.0	0.0	0.0	0.001
52-53	0.0	0.0	0.0	0.0	0.001
54-55	0.0	0.0	0.0	0.0	0.001
56-57	0.0	0.0	0.0	0.0	0.001
58-59	0.0	0.0	0.0	0.0	0.001
60-61	0.0	0.0	0.0	0.0	0.001
62-63	0.0	0.0	0.0	0.0	0.001
64-65	0.0	0.0	0.0	0.0	0.001
66-67	0.0	0.0	0.0	0.0	0.001
68-69	0.0	0.0	0.0	0.0	0.001
70-71	0.0	0.0	0.0	0.0	0.001
72-73	0.0	0.0	0.0	0.0	0.001
74-75	0.0	0.0	0.0	0.0	0.001
76-77	0.0	0.0	0.0	0.0	0.001
78-79	0.0	0.0	0.0	0.0	0.001
80-81	0.0	0.0	0.0	0.0	0.001
82-83	0.0	0.0	0.0	0.0	0.001
84-85	0.0	0.0	0.0	0.0	0.001
86-87	0.0	0.0	0.0	0.0	0.001
88-89	0.0	0.0	0.0	0.0	0.001
>>END_MODULE
