##FastQC	0.11.9
>>Basic Statistics	pass
#Measure	Value
Filename	Tco-444_2.fq.gz
File type	Conventional base calls
Encoding	Sanger / Illumina 1.9
Total Sequences	100000
Sequences flagged as poor quality	0
Sequence length	100
%GC	50
>>END_MODULE
>>Per base sequence quality	pass
#Base	Mean	Median	Lower Quartile	Upper Quartile	10th Percentile	90th Percentile
1	34.88056	37.0	35.0	37.0	30.0	37.0
2	34.8746	37.0	35.0	37.0	29.0	37.0
3	35.07041	37.0	35.0	37.0	30.0	37.0
4	35.0723	37.0	35.0	37.0	30.0	37.0
5	35.00776	37.0	35.0	37.0	30.0	37.0
6	34.81095	37.0	35.0	37.0	29.0	37.0
7	34.81906	37.0	35.0	37.0	29.0	37.0
8	34.90281	37.0	35.0	37.0	29.0	37.0
9	34.89973	37.0	35.0	37.0	29.0	37.0
10-11	34.814935	37.0	35.0	37.0	29.0	37.0
12-13	34.8773	37.0	35.0	37.0	29.0	37.0
14-15	34.858415	37.0	35.0	37.0	29.0	37.0
16-17	34.7848	37.0	35.0	37.0	29.0	37.0
18-19	34.835555	37.0	35.0	37.0	29.0	37.0
20-21	34.773740000000004	37.0	35.0	37.0	29.0	37.0
22-23	34.749520000000004	37.0	35.0	37.0	29.0	37.0
24-25	34.711175	37.0	35.0	37.0	29.0	37.0
26-27	34.71969	37.0	35.0	37.0	29.0	37.0
28-29	34.71575	37.0	35.0	37.0	29.0	37.0
30-31	34.606825	37.0	35.0	37.0	29.0	37.0
32-33	34.615210000000005	37.0	35.0	37.0	28.5	37.0
34-35	34.597705000000005	37.0	35.0	37.0	28.5	37.0
36-37	34.589529999999996	37.0	35.0	37.0	28.5	37.0
38-39	34.551015	37.0	34.5	37.0	28.0	37.0
40-41	34.507365	37.0	34.0	37.0	28.0	37.0
42-43	34.474435	37.0	34.0	37.0	28.0	37.0
44-45	34.415009999999995	37.0	34.0	37.0	28.0	37.0
46-47	34.356365	37.0	34.0	37.0	28.0	37.0
48-49	34.32273	37.0	34.0	37.0	28.0	37.0
50-51	34.303484999999995	37.0	34.0	37.0	27.0	37.0
52-53	34.28696	37.0	34.0	37.0	27.0	37.0
54-55	34.249435000000005	37.0	34.0	37.0	27.0	37.0
56-57	34.1737	37.0	34.0	37.0	27.0	37.0
58-59	34.19696	37.0	34.0	37.0	27.0	37.0
60-61	34.103660000000005	37.0	34.0	37.0	27.0	37.0
62-63	34.0797	37.0	34.0	37.0	27.0	37.0
64-65	33.87994	37.0	33.0	37.0	26.0	37.0
66-67	33.967524999999995	37.0	33.5	37.0	26.0	37.0
68-69	33.887	37.0	33.0	37.0	26.0	37.0
70-71	33.846595	37.0	33.0	37.0	26.0	37.0
72-73	33.767970000000005	37.0	33.0	37.0	26.0	37.0
74-75	33.703325	37.0	33.0	37.0	25.5	37.0
76-77	33.63767	36.0	33.0	37.0	25.0	37.0
78-79	33.58086	36.0	33.0	37.0	25.0	37.0
80-81	33.505314999999996	36.0	33.0	37.0	25.0	37.0
82-83	33.443205	36.0	32.5	37.0	25.0	37.0
84-85	33.41597	36.0	32.0	37.0	25.0	37.0
86-87	33.28123	36.0	32.0	37.0	24.0	37.0
88-89	33.20527	36.0	32.0	37.0	24.0	37.0
90-91	33.11905	36.0	32.0	37.0	24.0	37.0
92-93	33.060835	36.0	32.0	37.0	23.5	37.0
94-95	32.97621	36.0	32.0	37.0	23.0	37.0
96-97	32.872205	36.0	31.5	37.0	23.0	37.0
98-99	32.877635	36.0	31.5	37.0	23.0	37.0
100	32.7924	36.0	31.0	37.0	23.0	37.0
>>END_MODULE
>>Per sequence quality scores	pass
#Quality	Count
21	40.0
22	178.0
23	452.0
24	821.0
25	1015.0
26	1288.0
27	1645.0
28	2043.0
29	2744.0
30	3294.0
31	4515.0
32	6018.0
33	8799.0
34	13486.0
35	23151.0
36	28929.0
37	1582.0
>>END_MODULE
>>Per base sequence content	fail
#Base	G	A	T	C
1	41.677	12.184000000000001	8.59	37.549
2	29.409999999999997	18.018	34.209	18.363
3	23.717	21.761	22.639	31.883
4	28.035	30.448999999999998	20.176	21.34
5	25.131999999999998	31.46	23.192	20.216
6	21.048000000000002	33.574	26.040999999999997	19.337
7	20.485999999999997	17.422	39.391	22.701
8	23.445	22.518	27.509	26.528000000000002
9	23.592	21.681	29.066	25.661
10-11	25.352000000000004	30.063000000000002	20.72	23.865
12-13	24.6975	23.845	26.765499999999996	24.692
14-15	24.279999999999998	25.8185	25.765500000000003	24.136
16-17	25.4215	25.328	24.977	24.273500000000002
18-19	25.326999999999998	25.572499999999998	24.462500000000002	24.637999999999998
20-21	25.400499999999997	25.845499999999998	24.5645	24.1895
22-23	25.3365	25.926	24.104999999999997	24.6325
24-25	25.166	25.784499999999998	24.399	24.6505
26-27	25.0805	26.102999999999998	24.357	24.459500000000002
28-29	25.2465	25.761	24.477	24.515500000000003
30-31	25.227500000000003	25.745	24.365000000000002	24.6625
32-33	25.0755	25.813000000000002	24.462999999999997	24.648500000000002
34-35	25.284499999999998	25.552000000000003	24.3635	24.8
36-37	25.222499999999997	25.562	24.352999999999998	24.8625
38-39	25.0235	25.835	24.3355	24.806
40-41	25.403	25.572499999999998	24.240000000000002	24.7845
42-43	25.1655	25.326500000000003	24.576500000000003	24.9315
44-45	25.174999999999997	25.6525	24.304000000000002	24.868499999999997
46-47	25.369500000000002	25.759500000000003	24.33	24.541
48-49	25.2695	25.575	24.374000000000002	24.7815
50-51	25.1575	25.710499999999996	24.209	24.923000000000002
52-53	25.4155	25.540499999999998	23.9435	25.100499999999997
54-55	25.228	25.452	24.314	25.006
56-57	25.015500000000003	25.5515	24.5735	24.8595
58-59	25.2525	25.453500000000002	24.392	24.901999999999997
60-61	25.235000000000003	25.277500000000003	24.3695	25.118000000000002
62-63	25.1525	25.436500000000002	24.52	24.891
64-65	25.465500000000002	25.404	24.2385	24.892
66-67	25.352000000000004	25.3735	24.261499999999998	25.013
68-69	25.2445	25.507	24.276	24.9725
70-71	25.594499999999996	25.2	24.279999999999998	24.9255
72-73	25.451	25.0625	24.3275	25.159
74-75	25.218	25.1705	24.6005	25.011
76-77	25.4095	25.3675	24.05	25.173000000000002
78-79	25.165	25.322499999999998	24.321	25.1915
80-81	25.106	25.380000000000003	24.4645	25.049500000000002
82-83	25.4095	25.264999999999997	24.3245	25.001
84-85	25.28	25.0125	24.504	25.203500000000002
86-87	25.322499999999998	25.263999999999996	24.3675	25.046000000000003
88-89	25.468000000000004	25.3245	24.144	25.0635
90-91	25.3355	25.032	24.352999999999998	25.2795
92-93	25.291000000000004	25.221	24.444	25.044
94-95	25.5375	25.2325	24.249499999999998	24.9805
96-97	25.324999999999996	25.119999999999997	24.310499999999998	25.2445
98-99	25.3285	25.2685	24.296499999999998	25.106499999999997
100	25.740000000000002	24.783	24.156	25.320999999999998
>>END_MODULE
>>Per sequence GC content	pass
#GC Content	Count
0	0.0
1	0.0
2	0.0
3	0.0
4	0.0
5	0.0
6	0.0
7	0.0
8	0.5
9	0.5
10	0.5
11	1.0
12	0.5
13	1.0
14	2.5
15	2.5
16	1.5
17	1.5
18	3.0
19	5.0
20	9.5
21	15.0
22	20.0
23	26.0
24	34.5
25	54.5
26	83.0
27	124.0
28	174.5
29	215.0
30	279.5
31	377.0
32	462.5
33	566.0
34	697.0
35	862.0
36	1045.0
37	1235.5
38	1496.5
39	1701.0
40	1832.0
41	2095.0
42	2452.5
43	2795.0
44	3082.0
45	3394.0
46	3784.5
47	4117.0
48	4420.5
49	4669.5
50	4753.0
51	4917.5
52	4993.5
53	4824.5
54	4746.5
55	4617.0
56	4316.5
57	3973.0
58	3662.5
59	3286.0
60	2857.5
61	2488.0
62	2087.5
63	1692.0
64	1337.0
65	985.5
66	731.5
67	523.5
68	330.5
69	217.0
70	168.0
71	126.0
72	75.0
73	54.0
74	32.0
75	20.0
76	17.0
77	12.5
78	5.0
79	3.0
80	3.0
81	0.5
82	0.5
83	0.5
84	0.5
85	0.5
86	0.0
87	0.0
88	0.0
89	0.0
90	0.5
91	0.5
92	0.0
93	0.5
94	0.5
95	0.0
96	0.0
97	0.0
98	0.0
99	0.0
100	0.0
>>END_MODULE
>>Per base N content	pass
#Base	N-Count
1	0.0
2	0.0
3	0.0
4	0.0
5	0.0
6	0.0
7	0.0
8	0.0
9	0.0
10-11	0.0
12-13	0.0
14-15	0.0
16-17	0.0
18-19	0.0
20-21	0.0
22-23	0.0
24-25	0.0
26-27	0.0
28-29	0.0
30-31	0.0
32-33	0.0
34-35	0.0
36-37	0.0
38-39	0.0
40-41	0.0
42-43	0.0
44-45	0.0
46-47	0.0
48-49	0.0
50-51	0.0
52-53	0.0
54-55	0.0
56-57	0.0
58-59	0.0
60-61	0.0
62-63	0.0
64-65	0.0
66-67	0.0
68-69	0.0
70-71	0.0
72-73	0.0
74-75	0.0
76-77	0.0
78-79	0.0
80-81	0.0
82-83	0.0
84-85	0.0
86-87	0.0
88-89	0.0
90-91	0.0
92-93	0.0
94-95	0.0
96-97	0.0
98-99	0.0
100	0.0
>>END_MODULE
>>Sequence Length Distribution	pass
#Length	Count
100	100000.0
>>END_MODULE
>>Sequence Duplication Levels	pass
#Total Deduplicated Percentage	92.972
#Duplication Level	Percentage of deduplicated	Percentage of total
1	94.85974271823775	88.193
2	4.044228369831777	7.5200000000000005
3	0.6023318848685626	1.68
4	0.2172697156133029	0.808
5	0.10218130189734544	0.475
6	0.0699135223508153	0.38999999999999996
7	0.03226777954653014	0.21
8	0.02581422363722411	0.192
9	0.013982704470163062	0.117
>10	0.03226777954653014	0.415
>50	0.0	0.0
>100	0.0	0.0
>500	0.0	0.0
>1k	0.0	0.0
>5k	0.0	0.0
>10k+	0.0	0.0
>>END_MODULE
>>Overrepresented sequences	pass
>>END_MODULE
>>Adapter Content	pass
#Position	Illumina Universal Adapter	Illumina Small RNA 3' Adapter	Illumina Small RNA 5' Adapter	Nextera Transposase Sequence	SOLID Small RNA Adapter
1	0.0	0.0	0.0	0.0	0.0
2	0.0	0.0	0.0	0.0	0.0
3	0.0	0.0	0.0	0.0	0.0
4	0.0	0.0	0.0	0.0	0.0
5	0.0	0.0	0.0	0.0	0.0
6	0.0	0.0	0.0	0.0	0.0
7	0.0	0.0	0.0	0.0	0.0
8	0.0	0.0	0.0	0.0	0.0
9	0.0	0.0	0.0	0.0	0.0
10-11	0.0	0.0	0.0	0.0	0.0
12-13	0.0	0.0	0.0	0.0	0.0
14-15	0.0	0.0	0.0	0.0	0.0
16-17	0.0	0.0	0.0	0.0	0.0
18-19	0.0	0.0	0.0	0.0	0.0
20-21	0.0	0.0	0.0	0.0	0.0
22-23	0.0	0.0	0.0	0.0	0.0
24-25	0.0	0.0	0.0	0.0	0.0
26-27	0.0	0.0	0.0	0.0	0.0
28-29	0.0	0.0	0.0	0.0	0.0
30-31	0.0	0.0	0.0	0.0	0.0
32-33	0.0	0.0	0.0	0.0	0.0
34-35	0.0	0.0	0.0	0.0	0.0
36-37	0.0	0.0	0.0	0.0	0.0
38-39	0.0	0.0	0.0	0.0	0.0
40-41	0.0	0.0	0.0	0.0	0.0
42-43	0.0	0.0	0.0	0.0	0.0
44-45	0.0	0.0	0.0	0.0	0.0
46-47	0.0	0.0	0.0	0.0	0.0
48-49	0.0	0.0	0.0	0.0	0.0
50-51	0.0	0.0	0.0	0.0	0.0
52-53	0.0	0.0	0.0	0.0	0.0
54-55	0.0	0.0	0.0	0.0	0.0
56-57	0.0	0.0	0.0	0.0	0.0
58-59	0.0	0.0	0.0	0.0	0.0
60-61	0.0	0.0	0.0	0.0	0.0
62-63	0.0	0.0	0.0	0.0	0.0
64-65	0.0	0.0	0.0	0.0	0.0
66-67	0.0	0.0	0.0	0.0	0.0
68-69	0.0	0.0	0.0	0.0	0.0
70-71	0.0	0.0	0.0	0.0	0.0
72-73	0.0	0.0	0.0	0.0	0.0
74-75	0.0	0.0	0.0	0.0	0.0
76-77	0.0	0.0	0.0	0.0	0.0
78-79	0.0	0.0	0.0	0.0	0.0
80-81	0.0	0.0	0.0	0.0	0.0
82-83	0.0	0.0	0.0	0.0	0.0
84-85	0.0	0.0	0.0	0.0	0.0
86-87	0.0	0.0	0.0	0.0	0.0
88-89	0.0	0.0	0.0	0.0	0.0
>>END_MODULE
