##FastQC	0.11.9
>>Basic Statistics	pass
#Measure	Value
Filename	Tco-633_2.fq.gz
File type	Conventional base calls
Encoding	Sanger / Illumina 1.9
Total Sequences	100000
Sequences flagged as poor quality	0
Sequence length	100
%GC	49
>>END_MODULE
>>Per base sequence quality	pass
#Base	Mean	Median	Lower Quartile	Upper Quartile	10th Percentile	90th Percentile
1	35.00941	37.0	35.0	37.0	30.0	37.0
2	35.07952	37.0	35.0	37.0	30.0	37.0
3	35.20152	37.0	36.0	37.0	30.0	37.0
4	35.21334	37.0	36.0	37.0	30.0	38.0
5	35.11596	37.0	35.0	37.0	30.0	38.0
6	34.99661	37.0	35.0	37.0	30.0	38.0
7	35.0508	37.0	35.0	37.0	30.0	38.0
8	35.13744	37.0	35.0	37.0	30.0	38.0
9	35.04364	37.0	35.0	37.0	30.0	38.0
10-11	35.020399999999995	37.0	35.0	37.0	30.0	38.0
12-13	35.037005	37.0	35.0	37.0	30.0	38.0
14-15	34.99629	37.0	35.0	37.0	30.0	38.0
16-17	34.97062	37.0	35.0	37.0	30.0	38.0
18-19	34.953995	37.0	35.0	37.0	30.0	38.0
20-21	34.86777	37.0	35.0	37.0	29.0	38.0
22-23	34.863685	37.0	35.0	37.0	29.0	38.0
24-25	34.830560000000006	37.0	35.0	37.0	29.0	38.0
26-27	34.81655	37.0	35.0	37.0	29.0	38.0
28-29	34.760295	37.0	35.0	37.0	29.0	38.0
30-31	34.726535	37.0	35.0	37.0	29.0	38.0
32-33	34.69942	37.0	35.0	37.0	29.0	38.0
34-35	34.66451	37.0	35.0	37.0	28.5	38.0
36-37	34.623605	37.0	35.0	37.0	28.0	38.0
38-39	34.56684	37.0	35.0	37.0	28.0	38.0
40-41	34.550079999999994	37.0	35.0	37.0	28.0	38.0
42-43	34.458675	37.0	34.0	37.0	28.0	38.0
44-45	34.385000000000005	37.0	34.0	37.0	28.0	38.0
46-47	34.362675	37.0	34.0	37.0	27.5	38.0
48-49	34.27964	37.0	34.0	37.0	27.0	38.0
50-51	34.251625000000004	37.0	34.0	37.0	27.0	38.0
52-53	34.200905	37.0	34.0	37.0	27.0	38.0
54-55	34.146770000000004	37.0	34.0	37.0	27.0	38.0
56-57	34.081675000000004	37.0	34.0	37.0	27.0	38.0
58-59	34.047979999999995	37.0	34.0	37.0	27.0	38.0
60-61	33.94885	37.0	34.0	37.0	26.0	38.0
62-63	33.811895	37.0	33.0	37.0	26.0	38.0
64-65	33.80148	37.0	33.0	37.0	26.0	38.0
66-67	33.77741	37.0	33.0	37.0	25.5	38.0
68-69	33.62267	37.0	33.0	37.0	25.0	38.0
70-71	33.543765	36.5	33.0	37.0	25.0	38.0
72-73	33.50868	36.5	33.0	37.0	25.0	38.0
74-75	33.4748	36.0	33.0	37.0	24.5	38.0
76-77	33.33686	36.0	32.0	37.0	24.0	37.5
78-79	33.268739999999994	36.0	32.0	37.0	24.0	37.5
80-81	33.181235	36.0	32.0	37.0	24.0	37.5
82-83	33.08649	36.0	32.0	37.0	23.5	37.0
84-85	32.981135	36.0	32.0	37.0	23.0	37.0
86-87	32.851034999999996	36.0	31.5	37.0	22.5	37.0
88-89	32.789095	36.0	31.0	37.0	22.5	37.0
90-91	32.675485	36.0	31.0	37.0	22.0	37.0
92-93	32.582854999999995	36.0	31.0	37.0	22.0	37.0
94-95	32.52262	36.0	31.0	37.0	21.5	37.0
96-97	32.413665	36.0	31.0	37.0	21.0	37.0
98-99	32.287785	36.0	30.5	37.0	21.0	37.0
100	32.16294	36.0	30.0	37.0	20.0	37.0
>>END_MODULE
>>Per sequence quality scores	pass
#Quality	Count
20	1.0
21	33.0
22	172.0
23	476.0
24	927.0
25	1110.0
26	1536.0
27	1834.0
28	2316.0
29	2836.0
30	3476.0
31	4716.0
32	6111.0
33	8585.0
34	13260.0
35	22397.0
36	28766.0
37	1448.0
>>END_MODULE
>>Per base sequence content	fail
#Base	G	A	T	C
1	40.254	12.665000000000001	8.267	38.814
2	27.969	18.056	35.983	17.992
3	22.7	21.922	23.293	32.085
4	27.049	30.104999999999997	21.201	21.645
5	24.535999999999998	30.732	24.569	20.163
6	20.485999999999997	32.896	27.082	19.536
7	19.97	17.419	39.887	22.724
8	23.11	22.181	28.572999999999997	26.136
9	22.907	21.246000000000002	30.047	25.8
10-11	25.240499999999997	29.529	21.245	23.985500000000002
12-13	24.2195	23.513	27.567999999999998	24.6995
14-15	24.011499999999998	25.480999999999998	26.5085	23.999000000000002
16-17	25.183	24.8065	25.757	24.2535
18-19	25.099500000000003	25.342	25.0065	24.552
20-21	25.105	25.6695	24.978	24.2475
22-23	24.9675	25.9895	24.5325	24.5105
24-25	24.798000000000002	25.649499999999996	24.814	24.7385
26-27	24.744	25.693500000000004	25.152	24.4105
28-29	25.0305	25.4325	24.9305	24.6065
30-31	24.9175	25.521500000000003	24.8615	24.6995
32-33	25.1135	25.446999999999996	24.907	24.5325
34-35	25.278	25.488	24.566499999999998	24.6675
36-37	24.842	25.3405	24.8785	24.939
38-39	24.820500000000003	25.548	24.997	24.6345
40-41	25.2025	25.226	24.662	24.9095
42-43	24.859	25.3705	24.724	25.046499999999998
44-45	25.0245	25.3785	24.878	24.718999999999998
46-47	25.033499999999997	25.607999999999997	24.651999999999997	24.706500000000002
48-49	25.1575	25.382500000000004	24.5975	24.8625
50-51	25.087	25.320999999999998	24.887999999999998	24.704
52-53	25.474999999999998	25.261499999999998	24.316	24.9475
54-55	25.024	25.142999999999997	24.795	25.038
56-57	25.032	25.4345	24.810499999999998	24.723
58-59	25.195	25.308000000000003	24.5135	24.9835
60-61	25.125500000000002	25.219	24.7795	24.876
62-63	25.139499999999998	25.052999999999997	24.968	24.8395
64-65	25.214	25.2625	24.5225	25.001
66-67	25.276500000000002	24.8905	24.788	25.045
68-69	25.198500000000003	25.024	24.818	24.959500000000002
70-71	25.7325	24.934	24.584	24.749499999999998
72-73	25.27	24.692	24.691	25.346999999999998
74-75	25.144499999999997	24.9555	24.993000000000002	24.907
76-77	25.288	25.232	24.4335	25.046499999999998
78-79	25.1755	25.124000000000002	24.601	25.099500000000003
80-81	25.005	25.130000000000003	24.793000000000003	25.072
82-83	25.641000000000002	24.9105	24.5525	24.895999999999997
84-85	25.355	24.862000000000002	24.7265	25.0565
86-87	25.124000000000002	25.0105	24.609	25.2565
88-89	25.406499999999998	25.003999999999998	24.342	25.247500000000002
90-91	25.307000000000002	24.8475	24.7055	25.14
92-93	25.183	24.9675	24.6365	25.213
94-95	25.508999999999997	25.2015	24.333	24.956500000000002
96-97	25.1965	24.998	24.6195	25.185999999999996
98-99	25.373	25.0255	24.709999999999997	24.8915
100	25.904	24.525	24.173000000000002	25.398
>>END_MODULE
>>Per sequence GC content	pass
#GC Content	Count
0	0.0
1	0.0
2	0.0
3	0.0
4	0.5
5	0.5
6	0.0
7	0.0
8	0.5
9	0.5
10	0.5
11	1.0
12	1.0
13	1.5
14	2.0
15	2.5
16	2.5
17	1.5
18	5.0
19	8.5
20	9.5
21	13.0
22	18.5
23	32.0
24	53.0
25	75.0
26	98.0
27	132.5
28	175.5
29	225.5
30	315.5
31	419.0
32	507.5
33	615.5
34	762.0
35	956.0
36	1159.5
37	1282.5
38	1450.0
39	1690.5
40	1938.5
41	2185.0
42	2470.0
43	2811.0
44	3112.0
45	3430.5
46	3781.0
47	4112.5
48	4421.0
49	4691.0
50	4917.0
51	4981.5
52	4881.0
53	4783.5
54	4686.5
55	4546.0
56	4259.0
57	3887.0
58	3525.0
59	3198.5
60	2831.5
61	2389.5
62	1964.0
63	1581.0
64	1270.5
65	993.0
66	722.5
67	503.0
68	363.0
69	243.5
70	163.5
71	120.5
72	75.0
73	42.5
74	28.5
75	20.0
76	14.5
77	11.5
78	7.0
79	6.5
80	4.5
81	2.5
82	2.0
83	1.5
84	1.0
85	1.0
86	0.5
87	0.0
88	0.0
89	0.0
90	0.0
91	0.0
92	0.0
93	0.0
94	0.0
95	0.0
96	0.0
97	0.0
98	0.0
99	0.0
100	0.0
>>END_MODULE
>>Per base N content	pass
#Base	N-Count
1	0.0
2	0.0
3	0.0
4	0.0
5	0.0
6	0.0
7	0.0
8	0.0
9	0.0
10-11	0.0
12-13	0.0
14-15	0.0
16-17	0.0
18-19	0.0
20-21	0.0
22-23	0.0
24-25	0.0
26-27	0.0
28-29	0.0
30-31	0.0
32-33	0.0
34-35	0.0
36-37	0.0
38-39	0.0
40-41	0.0
42-43	0.0
44-45	0.0
46-47	0.0
48-49	0.0
50-51	0.0
52-53	0.0
54-55	0.0
56-57	0.0
58-59	0.0
60-61	0.0
62-63	0.0
64-65	0.0
66-67	0.0
68-69	0.0
70-71	0.0
72-73	0.0
74-75	0.0
76-77	0.0
78-79	0.0
80-81	0.0
82-83	0.0
84-85	0.0
86-87	0.0
88-89	0.0
90-91	0.0
92-93	0.0
94-95	0.0
96-97	0.0
98-99	0.0
100	0.0
>>END_MODULE
>>Sequence Length Distribution	pass
#Length	Count
100	100000.0
>>END_MODULE
>>Sequence Duplication Levels	pass
#Total Deduplicated Percentage	92.25
#Duplication Level	Percentage of deduplicated	Percentage of total
1	94.52791327913279	87.202
2	4.305691056910569	7.944
3	0.5962059620596206	1.6500000000000001
4	0.24607046070460703	0.9079999999999999
5	0.11924119241192412	0.5499999999999999
6	0.06612466124661247	0.366
7	0.03035230352303523	0.196
8	0.031436314363143626	0.232
9	0.020596205962059622	0.17099999999999999
>10	0.05636856368563686	0.781
>50	0.0	0.0
>100	0.0	0.0
>500	0.0	0.0
>1k	0.0	0.0
>5k	0.0	0.0
>10k+	0.0	0.0
>>END_MODULE
>>Overrepresented sequences	pass
>>END_MODULE
>>Adapter Content	pass
#Position	Illumina Universal Adapter	Illumina Small RNA 3' Adapter	Illumina Small RNA 5' Adapter	Nextera Transposase Sequence	SOLID Small RNA Adapter
1	0.0	0.0	0.0	0.0	0.0
2	0.0	0.0	0.0	0.0	0.0
3	0.0	0.0	0.0	0.0	0.0
4	0.0	0.0	0.0	0.0	0.0
5	0.0	0.0	0.0	0.0	0.0
6	0.0	0.0	0.0	0.0	0.0
7	0.0	0.0	0.0	0.0	0.0
8	0.0	0.0	0.0	0.0	0.0
9	0.0	0.0	0.0	0.0	0.0
10-11	0.0	0.0	0.0	0.0	0.0
12-13	0.0	0.0	0.0	0.0	0.0
14-15	0.0	0.0	0.0	0.0	0.0
16-17	0.0	0.0	0.0	0.0	0.0
18-19	0.0	0.0	0.0	0.0	0.0
20-21	0.0	0.0	0.0	0.0	0.0
22-23	0.0	0.0	0.0	0.0	0.0
24-25	0.0	0.0	0.0	0.0	0.0
26-27	0.0	0.0	0.0	0.0	0.0
28-29	0.0	0.0	0.0	0.0	0.0
30-31	0.0	0.0	0.0	0.0	0.0
32-33	0.0	0.0	0.0	0.0	0.0
34-35	0.0	0.0	0.0	0.0	0.0
36-37	0.0	0.0	0.0	0.0	0.0
38-39	0.0	0.0	0.0	0.0	0.0
40-41	0.0	0.0	0.0	0.0	0.0
42-43	0.0	0.0	0.0	0.0	0.0
44-45	0.0	0.0	0.0	0.0	0.0
46-47	0.0	0.0	0.0	0.0	0.0
48-49	0.0	0.0	0.0	0.0	0.0
50-51	0.0	0.0	0.0	0.0	0.0
52-53	0.0	0.0	0.0	0.0	0.0
54-55	0.0	0.0	0.0	0.0	0.0
56-57	0.0	0.0	0.0	0.0	0.0
58-59	0.0	0.0	0.0	0.0	0.0
60-61	0.0	0.0	0.0	0.0	0.0
62-63	0.0	0.0	0.0	0.0	0.0
64-65	0.0	0.0	0.0	0.0	0.0
66-67	0.0	0.0	0.0	0.0	0.0
68-69	0.0	0.0	0.0	0.0	0.0
70-71	0.0	0.0	0.0	0.0	0.0
72-73	0.0	0.0	0.0	0.0	0.0
74-75	0.0	0.0	0.0	0.0	0.0
76-77	0.0	0.0	0.0	0.0	0.0
78-79	0.0	0.0	0.0	0.0	0.0
80-81	0.0	0.0	0.0	0.0	0.0
82-83	0.0	0.0	0.0	0.0	0.0
84-85	0.0	0.0	0.0	0.0	0.0
86-87	0.0	0.0	0.0	0.0	0.0
88-89	0.0	0.0	0.0	0.0	0.0
>>END_MODULE
