##FastQC	0.11.9
>>Basic Statistics	pass
#Measure	Value
Filename	Tco-964_1.fq.gz
File type	Conventional base calls
Encoding	Sanger / Illumina 1.9
Total Sequences	100000
Sequences flagged as poor quality	0
Sequence length	100
%GC	49
>>END_MODULE
>>Per base sequence quality	pass
#Base	Mean	Median	Lower Quartile	Upper Quartile	10th Percentile	90th Percentile
1	34.80401	37.0	35.0	37.0	29.0	37.0
2	35.1318	37.0	35.0	37.0	30.0	38.0
3	35.30938	37.0	36.0	37.0	31.0	38.0
4	35.37741	37.0	36.0	37.0	31.0	38.0
5	35.36663	37.0	36.0	37.0	31.0	38.0
6	35.3367	37.0	36.0	37.0	31.0	38.0
7	35.39105	37.0	36.0	37.0	31.0	38.0
8	35.4389	37.0	36.0	37.0	31.0	38.0
9	35.40419	37.0	36.0	37.0	31.0	38.0
10-11	35.313075	37.0	36.0	37.0	31.0	38.0
12-13	35.428264999999996	37.0	36.0	37.0	31.0	38.0
14-15	35.37577	37.0	36.0	37.0	31.0	38.0
16-17	35.284895000000006	37.0	36.0	37.0	31.0	38.0
18-19	35.28633	37.0	36.0	37.0	31.0	38.0
20-21	35.30875	37.0	36.0	37.0	31.0	38.0
22-23	35.272835	37.0	36.0	37.0	31.0	38.0
24-25	35.271969999999996	37.0	36.0	37.0	31.0	38.0
26-27	35.275144999999995	37.0	36.0	37.0	31.0	38.0
28-29	35.283315	37.0	36.0	37.0	31.0	38.0
30-31	35.247685	37.0	36.0	37.0	31.0	38.0
32-33	35.24748	37.0	36.0	37.0	31.0	38.0
34-35	35.22816	37.0	35.5	37.0	30.5	38.0
36-37	35.251785	37.0	36.0	37.0	31.0	38.0
38-39	35.210620000000006	37.0	35.5	37.0	30.5	38.0
40-41	35.185874999999996	37.0	35.0	37.0	30.0	38.0
42-43	35.203035	37.0	35.5	37.0	30.5	38.0
44-45	35.198165	37.0	35.0	37.0	30.0	38.0
46-47	35.181815	37.0	35.0	37.0	30.0	38.0
48-49	35.165414999999996	37.0	35.0	37.0	30.5	38.0
50-51	35.03123	37.0	35.0	37.0	30.0	38.0
52-53	35.063230000000004	37.0	35.0	37.0	30.0	38.0
54-55	35.036609999999996	37.0	35.0	37.0	30.0	38.0
56-57	34.988749999999996	37.0	35.0	37.0	30.0	38.0
58-59	35.03384	37.0	35.0	37.0	30.0	38.0
60-61	34.96942	37.0	35.0	37.0	30.0	38.0
62-63	34.993905	37.0	35.0	37.0	30.0	38.0
64-65	34.92697	37.0	35.0	37.0	29.5	38.0
66-67	34.937619999999995	37.0	35.0	37.0	29.5	38.0
68-69	34.89123	37.0	35.0	37.0	29.0	38.0
70-71	34.85335	37.0	35.0	37.0	29.0	38.0
72-73	34.797	37.0	35.0	37.0	29.0	38.0
74-75	34.73563	37.0	35.0	37.0	29.0	38.0
76-77	34.66408	37.0	35.0	37.0	28.5	38.0
78-79	34.684415	37.0	35.0	37.0	29.0	38.0
80-81	34.601715	37.0	35.0	37.0	28.5	38.0
82-83	34.554635	37.0	34.5	37.0	28.0	38.0
84-85	34.54607	37.0	34.5	37.0	28.0	38.0
86-87	34.53871	37.0	34.5	37.0	28.0	38.0
88-89	34.4582	37.0	34.0	37.0	28.0	38.0
90-91	34.4026	37.0	34.0	37.0	28.0	38.0
92-93	34.30958	37.0	34.0	37.0	27.5	38.0
94-95	34.275005	37.0	34.0	37.0	27.0	38.0
96-97	34.238805	37.0	34.0	37.0	27.0	38.0
98-99	34.158469999999994	37.0	34.0	37.0	27.0	38.0
100	34.15358	37.0	34.0	37.0	27.0	38.0
>>END_MODULE
>>Per sequence quality scores	pass
#Quality	Count
21	2.0
22	16.0
23	64.0
24	131.0
25	272.0
26	500.0
27	894.0
28	1405.0
29	1840.0
30	2692.0
31	3644.0
32	4862.0
33	6693.0
34	10316.0
35	20068.0
36	42893.0
37	3708.0
>>END_MODULE
>>Per base sequence content	fail
#Base	G	A	T	C
1	41.097	12.091000000000001	8.365	38.446999999999996
2	27.905	17.653	37.122	17.32
3	22.561999999999998	21.553	23.618	32.267
4	26.848	30.36	21.254	21.538
5	24.332	30.573	24.820999999999998	20.274
6	20.449	32.626	27.555000000000003	19.37
7	20.125999999999998	17.207	40.046	22.621
8	23.24	21.831	28.784	26.145000000000003
9	22.892000000000003	20.966	30.379	25.763
10-11	25.0055	29.225	21.663	24.1065
12-13	24.543499999999998	23.121	27.5645	24.771
14-15	23.803	25.2075	26.851999999999997	24.1375
16-17	25.166	24.767500000000002	25.82	24.2465
18-19	25.057499999999997	24.8965	25.4075	24.6385
20-21	25.191000000000003	25.001	25.393	24.415
22-23	25.138500000000004	25.272499999999997	25.046000000000003	24.543
24-25	25.0015	24.9865	25.3155	24.6965
26-27	24.859	25.099	25.392500000000002	24.6495
28-29	25.208000000000002	24.86	25.2985	24.6335
30-31	24.9065	25.093500000000002	25.118000000000002	24.882
32-33	24.95	25.162499999999998	25.191000000000003	24.6965
34-35	25.1915	25.002999999999997	24.985	24.820500000000003
36-37	24.9115	24.8295	25.337500000000002	24.921499999999998
38-39	24.8005	25.0545	25.4085	24.7365
40-41	25.434	24.7175	25.153	24.6955
42-43	25.202999999999996	24.640500000000003	25.3645	24.792
44-45	25.172	24.884	25.100499999999997	24.8435
46-47	25.1825	25.117	25.006	24.6945
48-49	25.144	24.746499999999997	24.9715	25.137999999999998
50-51	24.9195	24.73	25.4745	24.876
52-53	25.348	24.7335	25.0715	24.847
54-55	25.177500000000002	24.685000000000002	25.122	25.015500000000003
56-57	24.9835	24.737000000000002	25.320999999999998	24.9585
58-59	25.233	24.7315	25.045	24.990499999999997
60-61	25.154	24.5015	25.185999999999996	25.1585
62-63	24.9235	24.857499999999998	25.167	25.052000000000003
64-65	25.203500000000002	24.707	25.094	24.9955
66-67	25.253500000000003	24.630499999999998	25.047000000000004	25.069000000000003
68-69	24.9585	24.8145	25.3785	24.8485
70-71	25.1275	24.5105	25.228	25.134
72-73	24.975	24.416	25.2875	25.321500000000004
74-75	25.1085	24.224999999999998	25.4575	25.209
76-77	25.095	24.618499999999997	25.083499999999997	25.202999999999996
78-79	25.041000000000004	24.555	25.1285	25.2755
80-81	25.0675	24.6295	25.355	24.948
82-83	25.200499999999998	24.736	25.161499999999997	24.901999999999997
84-85	25.038500000000003	24.562	25.1655	25.234
86-87	25.05	24.766	25.1745	25.009500000000003
88-89	25.033	24.616	25.1155	25.2355
90-91	24.986	24.389	25.273	25.352000000000004
92-93	24.97	24.505	25.4855	25.039499999999997
94-95	25.192500000000003	24.6095	25.0585	25.139499999999998
96-97	25.049	24.3205	25.1825	25.447999999999997
98-99	25.083	24.688	25.246000000000002	24.983
100	25.435000000000002	24.337	24.854000000000003	25.374000000000002
>>END_MODULE
>>Per sequence GC content	pass
#GC Content	Count
0	0.0
1	0.0
2	0.0
3	0.0
4	0.0
5	0.0
6	0.0
7	0.0
8	0.0
9	0.0
10	0.5
11	0.5
12	0.0
13	0.5
14	2.0
15	1.5
16	1.0
17	6.0
18	11.5
19	12.5
20	15.5
21	21.5
22	28.5
23	43.5
24	67.5
25	86.5
26	102.0
27	152.0
28	198.5
29	245.0
30	307.0
31	378.5
32	487.0
33	604.0
34	710.5
35	861.5
36	1098.5
37	1298.0
38	1494.0
39	1675.0
40	1880.5
41	2186.0
42	2517.0
43	2787.0
44	3042.0
45	3405.0
46	3804.5
47	4140.0
48	4374.5
49	4680.0
50	4897.5
51	4983.5
52	4963.5
53	4813.0
54	4691.0
55	4544.0
56	4338.5
57	4023.0
58	3653.0
59	3231.5
60	2825.0
61	2423.0
62	1990.0
63	1615.5
64	1263.0
65	957.0
66	690.5
67	456.0
68	293.5
69	223.0
70	163.0
71	95.5
72	55.5
73	31.5
74	22.0
75	14.0
76	7.5
77	1.5
78	1.0
79	2.5
80	2.0
81	0.5
82	0.5
83	0.0
84	0.0
85	0.5
86	0.5
87	0.0
88	0.0
89	0.0
90	0.0
91	0.0
92	0.0
93	0.0
94	0.0
95	0.0
96	0.0
97	0.0
98	0.0
99	0.0
100	0.0
>>END_MODULE
>>Per base N content	pass
#Base	N-Count
1	0.0
2	0.0
3	0.0
4	0.0
5	0.0
6	0.0
7	0.0
8	0.0
9	0.0
10-11	0.0
12-13	0.0
14-15	0.0
16-17	0.0
18-19	0.0
20-21	0.0
22-23	0.0
24-25	0.0
26-27	0.0
28-29	0.0
30-31	0.0
32-33	0.0
34-35	0.0
36-37	0.0
38-39	0.0
40-41	0.0
42-43	0.0
44-45	0.0
46-47	0.0
48-49	0.0
50-51	0.0
52-53	0.0
54-55	0.0
56-57	0.0
58-59	0.0
60-61	0.0
62-63	0.0
64-65	0.0
66-67	0.0
68-69	0.0
70-71	0.0
72-73	0.0
74-75	0.0
76-77	0.0
78-79	0.0
80-81	0.0
82-83	0.0
84-85	0.0
86-87	0.0
88-89	0.0
90-91	0.0
92-93	0.0
94-95	0.0
96-97	0.0
98-99	0.0
100	0.0
>>END_MODULE
>>Sequence Length Distribution	pass
#Length	Count
100	100000.0
>>END_MODULE
>>Sequence Duplication Levels	pass
#Total Deduplicated Percentage	93.023
#Duplication Level	Percentage of deduplicated	Percentage of total
1	95.01198628296228	88.383
2	3.8850606839168806	7.228
3	0.612751685067134	1.71
4	0.2203756060329166	0.8200000000000001
5	0.10105027788826419	0.47000000000000003
6	0.050525138944132096	0.28200000000000003
7	0.0397751093815508	0.259
8	0.018275050256388207	0.136
9	0.013975038431355688	0.117
>10	0.046225127119099575	0.5950000000000001
>50	0.0	0.0
>100	0.0	0.0
>500	0.0	0.0
>1k	0.0	0.0
>5k	0.0	0.0
>10k+	0.0	0.0
>>END_MODULE
>>Overrepresented sequences	pass
>>END_MODULE
>>Adapter Content	pass
#Position	Illumina Universal Adapter	Illumina Small RNA 3' Adapter	Illumina Small RNA 5' Adapter	Nextera Transposase Sequence	SOLID Small RNA Adapter
1	0.0	0.0	0.0	0.0	0.0
2	0.0	0.0	0.0	0.0	0.0
3	0.0	0.0	0.0	0.0	0.0
4	0.0	0.0	0.0	0.0	0.0
5	0.0	0.0	0.0	0.0	0.0
6	0.0	0.0	0.0	0.0	0.0
7	0.0	0.0	0.0	0.0	0.0
8	0.0	0.0	0.0	0.0	0.0
9	0.0	0.0	0.0	0.0	0.0
10-11	0.0	0.0	0.0	0.0	0.0
12-13	0.0	0.0	0.0	0.0	0.0
14-15	0.0	0.0	0.0	0.0	0.0
16-17	0.0	0.0	0.0	0.0	0.0
18-19	0.0	0.0	0.0	0.0	0.0
20-21	0.0	0.0	0.0	0.0	0.0
22-23	0.0	0.0	0.0	0.0	0.0
24-25	0.0	0.0	0.0	0.0	0.0
26-27	0.0	0.0	0.0	0.0	0.0
28-29	0.0	0.0	0.0	0.0	0.0
30-31	0.0	0.0	0.0	0.0	0.0
32-33	0.0	0.0	0.0	0.0	0.0
34-35	0.0	0.0	0.0	0.0	0.0
36-37	0.0	0.0	0.0	0.0	0.0
38-39	0.0	0.0	0.0	0.0	0.0
40-41	0.0	0.0	0.0	0.0	0.0
42-43	0.0	0.0	0.0	0.0	0.0
44-45	0.0	0.0	0.0	0.0	0.0
46-47	0.0	0.0	0.0	0.0	0.0
48-49	0.0	0.0	0.0	0.0	0.0
50-51	0.0	0.0	0.0	0.0	0.0
52-53	0.0	0.0	0.0	0.0	0.0
54-55	0.0	0.0	0.0	0.0	0.0
56-57	0.0	0.0	0.0	0.0	0.0
58-59	0.0	0.0	0.0	0.0	0.0
60-61	0.0	0.0	0.0	0.0	0.0
62-63	0.0	0.0	0.0	0.0	0.0
64-65	0.0	0.0	0.0	0.0	0.0
66-67	0.0	0.0	0.0	0.0	0.0
68-69	0.0	0.0	0.0	0.0	0.0
70-71	0.0	0.0	0.0	0.0	0.0
72-73	0.0	0.0	0.0	0.0	0.0
74-75	0.0	0.0	0.0	0.0	0.0
76-77	0.0	0.0	0.0	0.0	0.0
78-79	0.0	0.0	0.0	0.0	0.0
80-81	0.0	0.0	0.0	0.0	0.0
82-83	0.0	0.0	0.0	0.0	0.0
84-85	0.0	0.0	0.0	0.0	0.0
86-87	0.0	0.0	0.0	0.0	0.0
88-89	0.0	0.0	0.0	0.0	0.0
>>END_MODULE
