##FastQC	0.11.9
>>Basic Statistics	pass
#Measure	Value
Filename	Tco-480_1.fq.gz
File type	Conventional base calls
Encoding	Sanger / Illumina 1.9
Total Sequences	100000
Sequences flagged as poor quality	0
Sequence length	100
%GC	49
>>END_MODULE
>>Per base sequence quality	pass
#Base	Mean	Median	Lower Quartile	Upper Quartile	10th Percentile	90th Percentile
1	34.95534	37.0	35.0	37.0	30.0	37.0
2	35.10837	37.0	35.0	37.0	30.0	38.0
3	34.85415	37.0	35.0	37.0	29.0	38.0
4	35.3893	37.0	36.0	37.0	31.0	38.0
5	35.34551	37.0	36.0	37.0	31.0	38.0
6	35.41248	37.0	36.0	37.0	31.0	38.0
7	35.42218	37.0	36.0	37.0	31.0	38.0
8	35.42336	37.0	36.0	37.0	31.0	38.0
9	35.40453	37.0	36.0	37.0	31.0	38.0
10-11	35.333355	37.0	36.0	37.0	31.0	38.0
12-13	35.4041	37.0	36.0	37.0	31.0	38.0
14-15	35.394665	37.0	36.0	37.0	31.0	38.0
16-17	35.30822	37.0	36.0	37.0	31.0	38.0
18-19	35.289215	37.0	36.0	37.0	31.0	38.0
20-21	35.296580000000006	37.0	36.0	37.0	31.0	38.0
22-23	35.30243	37.0	36.0	37.0	31.0	38.0
24-25	35.276495	37.0	36.0	37.0	31.0	38.0
26-27	35.258255	37.0	36.0	37.0	31.0	38.0
28-29	35.27514	37.0	36.0	37.0	31.0	38.0
30-31	35.267615	37.0	36.0	37.0	31.0	38.0
32-33	35.22756	37.0	36.0	37.0	31.0	38.0
34-35	35.248909999999995	37.0	36.0	37.0	31.0	38.0
36-37	35.195814999999996	37.0	35.5	37.0	30.0	38.0
38-39	35.202075	37.0	35.5	37.0	30.5	38.0
40-41	35.19576	37.0	35.5	37.0	30.5	38.0
42-43	35.161199999999994	37.0	35.0	37.0	30.0	38.0
44-45	35.13979	37.0	35.0	37.0	30.0	38.0
46-47	35.139865	37.0	35.0	37.0	30.0	38.0
48-49	35.12947	37.0	35.0	37.0	30.0	38.0
50-51	35.01554	37.0	35.0	37.0	30.0	38.0
52-53	35.009479999999996	37.0	35.0	37.0	30.0	38.0
54-55	34.987295	37.0	35.0	37.0	30.0	38.0
56-57	34.96131	37.0	35.0	37.0	30.0	38.0
58-59	34.926829999999995	37.0	35.0	37.0	29.5	38.0
60-61	34.905225	37.0	35.0	37.0	29.0	38.0
62-63	34.85883	37.0	35.0	37.0	29.0	38.0
64-65	34.86771	37.0	35.0	37.0	29.0	38.0
66-67	34.832584999999995	37.0	35.0	37.0	29.0	38.0
68-69	34.797505	37.0	35.0	37.0	29.0	38.0
70-71	34.74868	37.0	35.0	37.0	29.0	38.0
72-73	34.721295	37.0	35.0	37.0	29.0	38.0
74-75	34.621435	37.0	35.0	37.0	28.5	38.0
76-77	34.5359	37.0	35.0	37.0	28.0	38.0
78-79	34.553444999999996	37.0	35.0	37.0	28.0	38.0
80-81	34.565560000000005	37.0	35.0	37.0	28.0	38.0
82-83	34.49896	37.0	34.0	37.0	28.0	38.0
84-85	34.41604	37.0	34.0	37.0	28.0	38.0
86-87	34.385975	37.0	34.0	37.0	28.0	38.0
88-89	34.301655	37.0	34.0	37.0	27.0	38.0
90-91	34.259985	37.0	34.0	37.0	27.0	38.0
92-93	34.21698	37.0	34.0	37.0	27.0	38.0
94-95	34.08286	37.0	34.0	37.0	26.5	38.0
96-97	34.15493	37.0	34.0	37.0	27.0	38.0
98-99	34.014174999999994	37.0	34.0	37.0	26.0	38.0
100	33.98734	37.0	34.0	37.0	26.0	38.0
>>END_MODULE
>>Per sequence quality scores	pass
#Quality	Count
21	1.0
22	21.0
23	66.0
24	177.0
25	304.0
26	590.0
27	952.0
28	1399.0
29	2037.0
30	2648.0
31	3723.0
32	5145.0
33	7007.0
34	10516.0
35	19594.0
36	41980.0
37	3840.0
>>END_MODULE
>>Per base sequence content	fail
#Base	G	A	T	C
1	41.541	12.089	8.761	37.608999999999995
2	27.834999999999997	17.745	36.608000000000004	17.812
3	23.348	21.601	23.153000000000002	31.898
4	27.619	29.854999999999997	20.971	21.555
5	24.427	30.674	24.352	20.547
6	20.548	32.936	27.092	19.424
7	19.983	17.226	40.19	22.601
8	23.361	21.779	28.604000000000003	26.256
9	23.205000000000002	21.053	29.797	25.945
10-11	25.108999999999998	29.328500000000002	21.5405	24.022
12-13	24.172	23.264000000000003	27.645999999999997	24.918000000000003
14-15	23.882	25.179499999999997	26.846999999999998	24.0915
16-17	25.261499999999998	24.5245	25.953500000000002	24.2605
18-19	25.301499999999997	24.766	25.358000000000004	24.5745
20-21	25.1935	25.224000000000004	25.0785	24.504
22-23	25.130999999999997	25.270500000000002	24.996499999999997	24.602
24-25	25.028	25.266499999999997	24.962999999999997	24.7425
26-27	24.9345	25.386999999999997	25.4215	24.257
28-29	24.9545	25.139499999999998	25.2945	24.6115
30-31	25.062	25.270500000000002	25.124000000000002	24.543499999999998
32-33	25.244	25.201	24.9705	24.584500000000002
34-35	25.174000000000003	24.948	25.0915	24.7865
36-37	25.1145	24.942	24.9885	24.955
38-39	24.849	25.113000000000003	25.3415	24.6965
40-41	25.4405	24.7615	25.141000000000002	24.657
42-43	25.1655	24.968	25.188	24.6785
44-45	25.166500000000003	24.944	25.277	24.6125
46-47	25.0845	25.169999999999998	25.1785	24.567
48-49	25.227500000000003	24.906	25.080999999999996	24.7855
50-51	25.0355	24.955	25.2435	24.766
52-53	25.485000000000003	24.9865	24.759	24.7695
54-55	25.169999999999998	24.869	25.061	24.9
56-57	24.996	24.892	25.3655	24.746499999999997
58-59	25.106499999999997	24.956999999999997	25.011	24.9255
60-61	25.088500000000003	24.9085	25.131500000000003	24.871499999999997
62-63	25.072	25.015500000000003	25.296000000000003	24.6165
64-65	25.1875	24.917	25.100499999999997	24.795
66-67	25.112499999999997	24.790499999999998	24.943	25.154
68-69	24.9445	24.8175	25.1825	25.055500000000002
70-71	25.285000000000004	24.6175	25.1155	24.982
72-73	25.2645	24.4925	24.922	25.320999999999998
74-75	25.240000000000002	24.4435	25.302000000000003	25.0145
76-77	25.3905	24.374000000000002	25.1535	25.081999999999997
78-79	25.122	24.516	25.171	25.191000000000003
80-81	24.8485	24.873	25.294	24.9845
82-83	25.398500000000002	24.6655	25.0475	24.8885
84-85	25.101000000000003	24.726	25.112000000000002	25.061
86-87	25.0025	24.855	25.0905	25.052000000000003
88-89	25.031	24.749	25.125999999999998	25.094
90-91	24.8825	24.65	25.1855	25.282
92-93	24.8945	24.726	25.333	25.046499999999998
94-95	25.253500000000003	24.878	25.056	24.8125
96-97	25.087500000000002	24.767500000000002	25.0605	25.0845
98-99	25.009500000000003	24.8705	25.032	25.088
100	25.5	24.752	24.605	25.142999999999997
>>END_MODULE
>>Per sequence GC content	pass
#GC Content	Count
0	0.0
1	0.0
2	0.0
3	0.0
4	0.0
5	0.0
6	0.0
7	0.0
8	0.0
9	0.0
10	0.0
11	0.0
12	0.0
13	0.0
14	3.5
15	4.5
16	3.0
17	3.5
18	4.0
19	5.5
20	11.5
21	14.5
22	19.0
23	32.5
24	41.5
25	63.5
26	100.0
27	136.0
28	181.0
29	243.5
30	308.5
31	395.0
32	512.5
33	619.5
34	738.5
35	913.0
36	1122.0
37	1302.0
38	1490.0
39	1703.0
40	1938.0
41	2180.0
42	2447.5
43	2856.0
44	3214.5
45	3463.0
46	3794.5
47	4158.0
48	4457.0
49	4666.5
50	4811.5
51	4890.5
52	4876.5
53	4842.5
54	4774.0
55	4533.5
56	4214.0
57	3928.5
58	3611.5
59	3260.0
60	2844.0
61	2392.5
62	1989.5
63	1627.5
64	1301.0
65	960.0
66	647.0
67	442.0
68	325.0
69	224.5
70	132.5
71	88.0
72	55.5
73	32.5
74	20.0
75	11.0
76	6.0
77	3.0
78	2.5
79	2.5
80	1.0
81	1.0
82	1.5
83	1.0
84	0.5
85	0.0
86	0.0
87	0.0
88	0.0
89	0.0
90	0.0
91	0.0
92	0.0
93	0.0
94	0.0
95	0.0
96	0.0
97	0.0
98	0.0
99	0.0
100	0.0
>>END_MODULE
>>Per base N content	pass
#Base	N-Count
1	0.0
2	0.0
3	0.0
4	0.0
5	0.0
6	0.0
7	0.0
8	0.0
9	0.0
10-11	0.0
12-13	0.0
14-15	0.0
16-17	0.0
18-19	0.0
20-21	0.0
22-23	0.0
24-25	0.0
26-27	0.0
28-29	0.0
30-31	0.0
32-33	0.0
34-35	0.0
36-37	0.0
38-39	0.0
40-41	0.0
42-43	0.0
44-45	0.0
46-47	0.0
48-49	0.0
50-51	0.0
52-53	0.0
54-55	0.0
56-57	0.0
58-59	0.0
60-61	0.0
62-63	0.0
64-65	0.0
66-67	0.0
68-69	0.0
70-71	0.0
72-73	0.0
74-75	0.0
76-77	0.0
78-79	0.0
80-81	0.0
82-83	0.0
84-85	0.0
86-87	0.0
88-89	0.0
90-91	0.0
92-93	0.0
94-95	0.0
96-97	0.0
98-99	0.0
100	0.0
>>END_MODULE
>>Sequence Length Distribution	pass
#Length	Count
100	100000.0
>>END_MODULE
>>Sequence Duplication Levels	pass
#Total Deduplicated Percentage	91.90899999999999
#Duplication Level	Percentage of deduplicated	Percentage of total
1	94.04084474861004	86.432
2	4.753614988738861	8.738
3	0.6462914404465286	1.7819999999999998
4	0.24698342926155217	0.9079999999999999
5	0.10662720734639698	0.49
6	0.05766573458529633	0.318
7	0.046785407305051735	0.301
8	0.029376883656660392	0.216
9	0.0239367200165381	0.198
>10	0.0478734400330762	0.617
>50	0.0	0.0
>100	0.0	0.0
>500	0.0	0.0
>1k	0.0	0.0
>5k	0.0	0.0
>10k+	0.0	0.0
>>END_MODULE
>>Overrepresented sequences	pass
>>END_MODULE
>>Adapter Content	pass
#Position	Illumina Universal Adapter	Illumina Small RNA 3' Adapter	Illumina Small RNA 5' Adapter	Nextera Transposase Sequence	SOLID Small RNA Adapter
1	0.0	0.0	0.0	0.0	0.0
2	0.0	0.0	0.0	0.0	0.0
3	0.0	0.0	0.0	0.0	0.0
4	0.0	0.0	0.0	0.0	0.0
5	0.0	0.0	0.0	0.0	0.0
6	0.0	0.0	0.0	0.0	0.0
7	0.0	0.0	0.0	0.0	0.0
8	0.0	0.0	0.0	0.0	0.0
9	0.0	0.0	0.0	0.0	0.0
10-11	0.0	0.0	0.0	0.0	0.0
12-13	0.0	0.0	0.0	0.0	0.0
14-15	0.0	0.0	0.0	0.0	0.0
16-17	0.0	0.0	0.0	0.0	0.0
18-19	0.0	0.0	0.0	0.0	0.0
20-21	0.0	0.0	0.0	0.0	0.0
22-23	0.0	0.0	0.0	0.0	0.0
24-25	0.0	0.0	0.0	0.0	0.0
26-27	0.0	0.0	0.0	0.0	0.0
28-29	0.0	0.0	0.0	0.0	0.0
30-31	0.0	0.0	0.0	0.0	0.0
32-33	0.0	0.0	0.0	0.0	0.0
34-35	0.0	0.0	0.0	0.0	0.0
36-37	0.0	0.0	0.0	0.0	0.0
38-39	0.0	0.0	0.0	0.0	0.0
40-41	0.0	0.0	0.0	0.0	0.0
42-43	0.0	0.0	0.0	0.0	0.0
44-45	0.0	0.0	0.0	0.0	0.0
46-47	0.0	0.0	0.0	0.0	0.0
48-49	0.0	0.0	0.0	0.0	0.0
50-51	0.0	0.0	0.0	0.0	0.0
52-53	0.0	0.0	0.0	0.0	0.0
54-55	0.0	0.0	0.0	0.0	0.0
56-57	0.0	0.0	0.0	0.0	0.0
58-59	0.0	0.0	0.0	0.0	0.0
60-61	0.0	0.0	0.0	0.0	0.0
62-63	0.0	0.0	0.0	0.0	0.0
64-65	0.0	0.0	0.0	0.0	0.0
66-67	0.0	0.0	0.0	0.0	0.0
68-69	0.0	0.0	0.0	0.0	0.0
70-71	0.0	0.0	0.0	0.0	0.0
72-73	0.0	0.0	0.0	0.0	0.0
74-75	0.0	0.0	0.0	0.0	0.0
76-77	0.0	0.0	0.0	0.0	0.0
78-79	0.0	0.0	0.0	0.0	0.0
80-81	0.0	0.0	0.0	0.0	0.0
82-83	0.0	0.0	0.0	0.0	0.0
84-85	0.0	0.0	0.0	0.0	0.0
86-87	0.0	0.0	0.0	0.0	0.0
88-89	0.0	0.0	0.0	0.0	0.0
>>END_MODULE
