##FastQC	0.11.9
>>Basic Statistics	pass
#Measure	Value
Filename	Tco-486_1.fq.gz
File type	Conventional base calls
Encoding	Sanger / Illumina 1.9
Total Sequences	100000
Sequences flagged as poor quality	0
Sequence length	100
%GC	50
>>END_MODULE
>>Per base sequence quality	pass
#Base	Mean	Median	Lower Quartile	Upper Quartile	10th Percentile	90th Percentile
1	35.14481	37.0	36.0	37.0	30.0	37.0
2	35.21563	37.0	36.0	37.0	30.0	38.0
3	35.00632	37.0	36.0	37.0	30.0	38.0
4	35.47182	37.0	36.0	37.0	31.0	38.0
5	35.47087	37.0	36.0	37.0	31.0	38.0
6	35.4781	37.0	36.0	37.0	31.0	38.0
7	35.52701	37.0	36.0	37.0	31.0	38.0
8	35.50786	37.0	36.0	37.0	31.0	38.0
9	35.47833	37.0	36.0	37.0	31.0	38.0
10-11	35.430499999999995	37.0	36.0	37.0	31.0	38.0
12-13	35.512305	37.0	36.0	37.0	31.0	38.0
14-15	35.486459999999994	37.0	36.0	37.0	31.0	38.0
16-17	35.408190000000005	37.0	36.0	37.0	31.0	38.0
18-19	35.398225	37.0	36.0	37.0	31.0	38.0
20-21	35.39622	37.0	36.0	37.0	31.0	38.0
22-23	35.373925	37.0	36.0	37.0	31.0	38.0
24-25	35.413285	37.0	36.0	37.0	31.0	38.0
26-27	35.38232	37.0	36.0	37.0	31.0	38.0
28-29	35.3615	37.0	36.0	37.0	31.0	38.0
30-31	35.36483	37.0	36.0	37.0	31.0	38.0
32-33	35.32839	37.0	36.0	37.0	31.0	38.0
34-35	35.36468	37.0	36.0	37.0	31.0	38.0
36-37	35.31952	37.0	36.0	37.0	31.0	38.0
38-39	35.301649999999995	37.0	36.0	37.0	31.0	38.0
40-41	35.282325	37.0	36.0	37.0	31.0	38.0
42-43	35.2726	37.0	36.0	37.0	31.0	38.0
44-45	35.26248	37.0	36.0	37.0	31.0	38.0
46-47	35.24456	37.0	36.0	37.0	31.0	38.0
48-49	35.2393	37.0	36.0	37.0	31.0	38.0
50-51	35.12186	37.0	35.0	37.0	30.0	38.0
52-53	35.114965	37.0	35.0	37.0	30.0	38.0
54-55	35.09431	37.0	35.0	37.0	30.0	38.0
56-57	35.073325	37.0	35.0	37.0	30.0	38.0
58-59	35.04933	37.0	35.0	37.0	30.0	38.0
60-61	35.017354999999995	37.0	35.0	37.0	30.0	38.0
62-63	34.972955	37.0	35.0	37.0	30.0	38.0
64-65	34.98604	37.0	35.0	37.0	30.0	38.0
66-67	34.92962	37.0	35.0	37.0	29.0	38.0
68-69	34.887240000000006	37.0	35.0	37.0	29.0	38.0
70-71	34.8481	37.0	35.0	37.0	29.0	38.0
72-73	34.825305	37.0	35.0	37.0	29.0	38.0
74-75	34.72073	37.0	35.0	37.0	29.0	38.0
76-77	34.60458	37.0	35.0	37.0	28.0	38.0
78-79	34.623625000000004	37.0	35.0	37.0	28.0	38.0
80-81	34.605915	37.0	35.0	37.0	28.5	38.0
82-83	34.56461	37.0	35.0	37.0	28.0	38.0
84-85	34.527285	37.0	35.0	37.0	28.0	38.0
86-87	34.474125	37.0	34.0	37.0	28.0	38.0
88-89	34.41858	37.0	34.0	37.0	28.0	38.0
90-91	34.351515	37.0	34.0	37.0	27.5	38.0
92-93	34.320565	37.0	34.0	37.0	27.5	38.0
94-95	34.198665	37.0	34.0	37.0	27.0	38.0
96-97	34.21004	37.0	34.0	37.0	27.0	38.0
98-99	34.096975	37.0	34.0	37.0	27.0	38.0
100	34.01669	37.0	34.0	37.0	26.0	38.0
>>END_MODULE
>>Per sequence quality scores	pass
#Quality	Count
21	2.0
22	16.0
23	48.0
24	131.0
25	304.0
26	513.0
27	796.0
28	1226.0
29	1922.0
30	2611.0
31	3462.0
32	4787.0
33	6676.0
34	10096.0
35	19718.0
36	43883.0
37	3809.0
>>END_MODULE
>>Per base sequence content	fail
#Base	G	A	T	C
1	41.685	12.437	9.253	36.625
2	27.909	18.391	35.52	18.18
3	24.382	21.999	22.828	30.791
4	28.544999999999998	29.851	20.341	21.263
5	25.28	30.444	23.634	20.642
6	21.173000000000002	33.132	26.255	19.439999999999998
7	19.902	17.26	39.769	23.069
8	23.526	21.779	28.067999999999998	26.627000000000002
9	23.448	21.032	29.451	26.069
10-11	25.5125	29.264499999999998	21.136	24.087
12-13	24.715	23.244	27.1245	24.9165
14-15	24.0065	25.2695	26.576499999999996	24.1475
16-17	25.534499999999998	24.5475	25.299500000000002	24.618499999999997
18-19	24.969	24.939	25.2255	24.8665
20-21	25.410500000000003	25.1135	25.0845	24.3915
22-23	25.085	25.4825	24.905	24.5275
24-25	25.095	24.992	25.062	24.851
26-27	25.0675	24.979000000000003	25.4355	24.518
28-29	25.324	24.732499999999998	25.009500000000003	24.934
30-31	25.191000000000003	25.098	24.743499999999997	24.9675
32-33	24.898	25.213	24.8475	25.0415
34-35	25.1355	25.112000000000002	24.852	24.9005
36-37	25.044	24.88	25.039499999999997	25.0365
38-39	24.7105	24.965	25.19	25.1345
40-41	25.497999999999998	24.873	24.8775	24.7515
42-43	25.1345	24.799	25.034	25.032500000000002
44-45	25.0625	24.6845	25.196	25.057000000000002
46-47	25.2585	24.7745	25.1095	24.857499999999998
48-49	25.1635	24.5945	25.2335	25.0085
50-51	24.959500000000002	24.566	25.386999999999997	25.087500000000002
52-53	25.156499999999998	24.726	24.869	25.2485
54-55	24.93	24.804499999999997	25.082500000000003	25.183
56-57	25.03	24.7545	25.229000000000003	24.9865
58-59	25.118499999999997	24.736	25.243	24.9025
60-61	25.186500000000002	24.634	25.0695	25.11
62-63	24.962500000000002	24.8165	25.2075	25.0135
64-65	25.312	24.633	24.916	25.139
66-67	25.332	24.473	24.892500000000002	25.3025
68-69	24.9855	24.6265	25.2515	25.1365
70-71	25.272	24.263	25.262	25.202999999999996
72-73	25.162499999999998	24.197	25.1155	25.525
74-75	24.9945	24.321	25.252000000000002	25.4325
76-77	25.464	24.319	24.966	25.251
78-79	25.106	24.7575	25.173499999999997	24.962999999999997
80-81	24.788	24.631	25.3185	25.2625
82-83	25.273	24.6675	24.834	25.2255
84-85	25.229499999999998	24.4105	25.259999999999998	25.1
86-87	24.9365	24.378	25.277500000000003	25.407999999999998
88-89	24.9315	24.6465	25.344	25.078
90-91	24.987000000000002	24.4795	25.247000000000003	25.2865
92-93	25.088500000000003	24.3845	25.369999999999997	25.157
94-95	25.277500000000003	24.3455	24.975	25.402
96-97	25.385	24.562	24.7915	25.261499999999998
98-99	25.026500000000002	24.924	24.8945	25.155
100	25.607999999999997	24.617	24.81	24.965
>>END_MODULE
>>Per sequence GC content	pass
#GC Content	Count
0	0.0
1	0.0
2	0.0
3	0.0
4	0.0
5	0.0
6	0.0
7	0.0
8	0.0
9	0.0
10	0.0
11	0.0
12	0.0
13	0.0
14	0.5
15	1.5
16	3.0
17	4.5
18	5.5
19	7.5
20	11.5
21	16.0
22	23.0
23	31.5
24	48.0
25	76.5
26	111.0
27	143.0
28	180.0
29	256.5
30	327.5
31	425.5
32	521.5
33	579.5
34	728.5
35	872.0
36	1021.5
37	1236.0
38	1456.5
39	1643.5
40	1881.0
41	2087.0
42	2299.5
43	2687.5
44	2924.5
45	3135.0
46	3544.5
47	3949.5
48	4503.5
49	5012.5
50	5095.0
51	5019.5
52	4857.5
53	4686.5
54	4598.5
55	4451.0
56	4296.0
57	4104.0
58	3851.0
59	3481.0
60	2989.5
61	2544.5
62	2077.5
63	1647.0
64	1320.0
65	1005.0
66	740.5
67	519.0
68	333.0
69	216.0
70	150.0
71	97.5
72	57.5
73	40.5
74	27.0
75	15.0
76	10.5
77	5.0
78	3.0
79	1.0
80	2.0
81	2.0
82	0.0
83	0.0
84	0.5
85	0.5
86	0.0
87	0.0
88	0.0
89	0.0
90	0.0
91	0.0
92	0.0
93	0.0
94	0.0
95	0.0
96	0.0
97	0.0
98	0.0
99	0.0
100	0.0
>>END_MODULE
>>Per base N content	pass
#Base	N-Count
1	0.0
2	0.0
3	0.0
4	0.0
5	0.0
6	0.0
7	0.0
8	0.0
9	0.0
10-11	0.0
12-13	0.0
14-15	0.0
16-17	0.0
18-19	0.0
20-21	0.0
22-23	0.0
24-25	0.0
26-27	0.0
28-29	0.0
30-31	0.0
32-33	0.0
34-35	0.0
36-37	0.0
38-39	0.0
40-41	0.0
42-43	0.0
44-45	0.0
46-47	0.0
48-49	0.0
50-51	0.0
52-53	0.0
54-55	0.0
56-57	0.0
58-59	0.0
60-61	0.0
62-63	0.0
64-65	0.0
66-67	0.0
68-69	0.0
70-71	0.0
72-73	0.0
74-75	0.0
76-77	0.0
78-79	0.0
80-81	0.0
82-83	0.0
84-85	0.0
86-87	0.0
88-89	0.0
90-91	0.0
92-93	0.0
94-95	0.0
96-97	0.0
98-99	0.0
100	0.0
>>END_MODULE
>>Sequence Length Distribution	pass
#Length	Count
100	100000.0
>>END_MODULE
>>Sequence Duplication Levels	pass
#Total Deduplicated Percentage	88.818
#Duplication Level	Percentage of deduplicated	Percentage of total
1	94.22752144835506	83.691
2	4.2108581593821075	7.48
3	0.6530207840753001	1.7399999999999998
4	0.2634601094372762	0.936
5	0.16325519601882502	0.7250000000000001
6	0.08556824067193587	0.45599999999999996
7	0.058546690986061384	0.364
8	0.057420793082483275	0.40800000000000003
9	0.040532324528811725	0.32399999999999995
>10	0.23193496813708933	3.3890000000000002
>50	0.007881285325046724	0.48700000000000004
>100	0.0	0.0
>500	0.0	0.0
>1k	0.0	0.0
>5k	0.0	0.0
>10k+	0.0	0.0
>>END_MODULE
>>Overrepresented sequences	pass
>>END_MODULE
>>Adapter Content	pass
#Position	Illumina Universal Adapter	Illumina Small RNA 3' Adapter	Illumina Small RNA 5' Adapter	Nextera Transposase Sequence	SOLID Small RNA Adapter
1	0.0	0.0	0.0	0.0	0.0
2	0.0	0.0	0.0	0.0	0.0
3	0.0	0.0	0.0	0.0	0.0
4	0.0	0.0	0.0	0.0	0.0
5	0.0	0.0	0.0	0.0	0.0
6	0.0	0.0	0.0	0.0	0.0
7	0.0	0.0	0.0	0.0	0.0
8	0.0	0.0	0.0	0.0	0.0
9	0.0	0.0	0.0	0.0	0.0
10-11	0.0	0.0	0.0	0.0	0.0
12-13	0.0	0.0	0.0	0.0	0.0
14-15	0.0	0.0	0.0	0.0	0.0
16-17	0.0	0.0	0.0	0.0	0.0
18-19	0.0	0.0	0.0	0.0	0.0
20-21	0.0	0.0	0.0	0.0	0.0
22-23	0.0	0.0	0.0	0.0	0.0
24-25	0.0	0.0	0.0	0.0	0.0
26-27	0.0	0.0	0.0	0.0	0.0
28-29	0.0	0.0	0.0	0.0	0.0
30-31	0.0	0.0	0.0	0.0	0.0
32-33	0.0	0.0	0.0	0.0	0.0
34-35	0.0	0.0	0.0	0.0	0.0
36-37	0.0	0.0	0.0	0.0	0.0
38-39	0.0	0.0	0.0	0.0	0.0
40-41	0.0	0.0	0.0	0.0	0.0
42-43	0.0	0.0	0.0	0.0	0.0
44-45	0.0	0.0	0.0	0.0	0.0
46-47	0.0	0.0	0.0	0.0	0.0
48-49	0.0	0.0	0.0	0.0	0.0
50-51	0.0	0.0	0.0	0.0	0.0
52-53	0.0	0.0	0.0	0.0	0.0
54-55	0.0	0.0	0.0	0.0	0.0
56-57	0.0	0.0	0.0	0.0	0.0
58-59	0.0	0.0	0.0	0.0	0.0
60-61	0.0	0.0	0.0	0.0	0.0
62-63	0.0	0.0	0.0	0.0	0.0
64-65	0.0	0.0	0.0	0.0	0.0
66-67	0.0	0.0	0.0	0.0	0.0
68-69	0.0	0.0	0.0	0.0	0.0
70-71	0.0	0.0	0.0	0.0	0.0
72-73	0.0	0.0	0.0	0.0	0.0
74-75	0.0	0.0	0.0	0.0	0.0
76-77	0.0	0.0	0.0	0.0	0.0
78-79	0.0	0.0	0.0	0.0	0.0
80-81	0.0	0.0	0.0	0.0	0.0
82-83	0.0	0.0	0.0	0.0	0.0
84-85	0.0	0.0	0.0	0.0	0.0
86-87	0.0	0.0	0.0	0.0	0.0
88-89	0.0	0.0	0.0	0.0	0.0
>>END_MODULE
