##FastQC	0.11.9
>>Basic Statistics	pass
#Measure	Value
Filename	Tco-752_1.fq.gz
File type	Conventional base calls
Encoding	Sanger / Illumina 1.9
Total Sequences	100000
Sequences flagged as poor quality	0
Sequence length	100
%GC	49
>>END_MODULE
>>Per base sequence quality	pass
#Base	Mean	Median	Lower Quartile	Upper Quartile	10th Percentile	90th Percentile
1	35.127	37.0	36.0	37.0	30.0	38.0
2	35.27296	37.0	36.0	37.0	31.0	38.0
3	34.97147	37.0	36.0	37.0	30.0	38.0
4	35.48316	37.0	36.0	37.0	31.0	38.0
5	35.47584	37.0	36.0	37.0	31.0	38.0
6	35.50904	37.0	36.0	37.0	31.0	38.0
7	35.54464	37.0	36.0	37.0	32.0	38.0
8	35.53549	37.0	36.0	37.0	31.0	38.0
9	35.51738	37.0	36.0	37.0	31.0	38.0
10-11	35.484845	37.0	36.0	37.0	31.0	38.0
12-13	35.528324999999995	37.0	36.0	37.0	31.5	38.0
14-15	35.493245	37.0	36.0	37.0	31.0	38.0
16-17	35.440655	37.0	36.0	37.0	31.0	38.0
18-19	35.43678	37.0	36.0	37.0	31.0	38.0
20-21	35.447325	37.0	36.0	37.0	31.0	38.0
22-23	35.42347	37.0	36.0	37.0	31.0	38.0
24-25	35.430800000000005	37.0	36.0	37.0	31.0	38.0
26-27	35.408455000000004	37.0	36.0	37.0	31.0	38.0
28-29	35.399105000000006	37.0	36.0	37.0	31.0	38.0
30-31	35.40538	37.0	36.0	37.0	31.0	38.0
32-33	35.352824999999996	37.0	36.0	37.0	31.0	38.0
34-35	35.39691	37.0	36.0	37.0	31.0	38.0
36-37	35.34394	37.0	36.0	37.0	31.0	38.0
38-39	35.341345000000004	37.0	36.0	37.0	31.0	38.0
40-41	35.32915	37.0	36.0	37.0	31.0	38.0
42-43	35.306725	37.0	36.0	37.0	31.0	38.0
44-45	35.282475	37.0	36.0	37.0	31.0	38.0
46-47	35.26206	37.0	36.0	37.0	31.0	38.0
48-49	35.245734999999996	37.0	36.0	37.0	31.0	38.0
50-51	35.174220000000005	37.0	35.5	37.0	30.0	38.0
52-53	35.180025	37.0	35.5	37.0	30.5	38.0
54-55	35.12208	37.0	35.0	37.0	30.0	38.0
56-57	35.018784999999994	37.0	35.0	37.0	30.0	38.0
58-59	34.977145	37.0	35.0	37.0	30.0	38.0
60-61	35.050515000000004	37.0	35.0	37.0	30.0	38.0
62-63	34.970045	37.0	35.0	37.0	29.5	38.0
64-65	35.008655000000005	37.0	35.0	37.0	30.0	38.0
66-67	34.914244999999994	37.0	35.0	37.0	29.5	38.0
68-69	34.920655	37.0	35.0	37.0	29.5	38.0
70-71	34.8866	37.0	35.0	37.0	29.5	38.0
72-73	34.850224999999995	37.0	35.0	37.0	29.0	38.0
74-75	34.761515	37.0	35.0	37.0	29.0	38.0
76-77	34.671530000000004	37.0	35.0	37.0	29.0	38.0
78-79	34.691255	37.0	35.0	37.0	29.0	38.0
80-81	34.70075	37.0	35.0	37.0	29.0	38.0
82-83	34.62502	37.0	35.0	37.0	28.5	38.0
84-85	34.56226	37.0	34.5	37.0	28.0	38.0
86-87	34.52306	37.0	34.5	37.0	28.0	38.0
88-89	34.44257	37.0	34.0	37.0	28.0	38.0
90-91	34.388825	37.0	34.0	37.0	28.0	38.0
92-93	34.378029999999995	37.0	34.0	37.0	28.0	38.0
94-95	34.261385000000004	37.0	34.0	37.0	27.0	38.0
96-97	34.273285	37.0	34.0	37.0	27.0	38.0
98-99	34.18305	37.0	34.0	37.0	27.0	38.0
100	34.12557	37.0	34.0	37.0	27.0	38.0
>>END_MODULE
>>Per sequence quality scores	pass
#Quality	Count
21	2.0
22	18.0
23	50.0
24	144.0
25	286.0
26	485.0
27	788.0
28	1234.0
29	1781.0
30	2440.0
31	3410.0
32	4599.0
33	6531.0
34	10158.0
35	20197.0
36	44035.0
37	3842.0
>>END_MODULE
>>Per base sequence content	fail
#Base	G	A	T	C
1	42.398	11.981	9.58	36.041000000000004
2	28.132	18.376	35.295	18.197
3	24.837	22.174	22.584	30.404999999999998
4	28.412	30.259999999999998	20.302	21.026
5	24.872	30.869999999999997	23.962	20.296
6	20.959	33.821	26.041999999999998	19.178
7	19.75	17.568	39.766	22.916
8	23.526	22.486	27.994000000000003	25.994
9	23.105	21.353	29.744999999999997	25.796999999999997
10-11	25.1355	29.671999999999997	21.586	23.6065
12-13	24.3095	23.4485	27.616000000000003	24.626
14-15	23.8745	25.4145	26.878	23.833
16-17	24.953500000000002	24.837500000000002	25.980999999999998	24.227999999999998
18-19	24.935499999999998	25.016500000000004	25.546999999999997	24.501
20-21	25.044499999999996	25.419999999999998	25.563999999999997	23.971500000000002
22-23	25.0535	25.581500000000002	25.099	24.266
24-25	24.9605	25.341	25.241000000000003	24.4575
26-27	24.634	25.4525	25.402	24.5115
28-29	24.956500000000002	25.0915	25.5855	24.3665
30-31	24.858	25.314999999999998	25.371	24.456
32-33	24.9065	25.369999999999997	25.3545	24.369
34-35	24.991	25.2795	25.106	24.6235
36-37	24.782	25.088500000000003	25.479000000000003	24.6505
38-39	24.6065	25.034499999999998	25.740000000000002	24.619
40-41	25.033	24.85	25.497999999999998	24.619
42-43	24.8555	25.008999999999997	25.4395	24.696
44-45	24.72	25.228499999999997	25.3555	24.696
46-47	25.051000000000002	25.150499999999997	25.2445	24.554000000000002
48-49	24.939	24.819	25.301499999999997	24.9405
50-51	24.784	25.0005	25.5515	24.664
52-53	25.1815	24.87	25.335	24.6135
54-55	24.8945	24.7785	25.393500000000003	24.9335
56-57	24.977	25.107499999999998	25.2745	24.641
58-59	25.021500000000003	24.956999999999997	25.484499999999997	24.537
60-61	24.6205	24.965	25.555	24.8595
62-63	24.5545	24.8835	25.5385	25.0235
64-65	24.926000000000002	24.784	25.494	24.796000000000003
66-67	24.847	24.5965	25.4295	25.127
68-69	24.744	24.826500000000003	25.577499999999997	24.852
70-71	24.8835	24.5705	25.663000000000004	24.883
72-73	25.007	24.33	25.549500000000002	25.1135
74-75	25.0305	24.5385	25.514	24.917
76-77	24.9385	24.786	25.249	25.026500000000002
78-79	24.7815	24.905	25.342	24.9715
80-81	24.5715	24.939	25.509999999999998	24.979499999999998
82-83	25.002000000000002	24.6385	25.430999999999997	24.9285
84-85	24.857499999999998	24.5995	25.485999999999997	25.057000000000002
86-87	24.578	24.826	25.5695	25.026500000000002
88-89	25.1265	24.8275	25.155499999999996	24.8905
90-91	24.956999999999997	24.6495	25.4955	24.898
92-93	24.611	24.624499999999998	25.7755	24.989
94-95	24.858	24.962	25.3035	24.8765
96-97	24.845	24.755	25.255499999999998	25.144499999999997
98-99	24.862000000000002	25.003999999999998	25.411	24.723
100	25.094	24.88	24.928	25.098
>>END_MODULE
>>Per sequence GC content	pass
#GC Content	Count
0	0.0
1	0.0
2	0.0
3	0.0
4	0.0
5	0.0
6	0.0
7	0.0
8	0.0
9	0.0
10	0.0
11	0.0
12	0.0
13	0.0
14	1.0
15	2.0
16	3.0
17	4.0
18	6.0
19	10.5
20	13.5
21	17.0
22	24.0
23	36.5
24	49.0
25	66.5
26	95.5
27	141.0
28	220.0
29	282.5
30	338.0
31	461.5
32	601.0
33	703.0
34	893.5
35	1105.0
36	1231.5
37	1422.0
38	1640.5
39	1848.0
40	2103.0
41	2408.0
42	2721.5
43	2929.5
44	3123.0
45	3450.5
46	3813.5
47	4087.5
48	4394.5
49	4669.5
50	4727.5
51	4750.5
52	4669.0
53	4523.0
54	4496.5
55	4372.0
56	4054.0
57	3744.5
58	3470.5
59	3160.0
60	2762.5
61	2355.5
62	2002.5
63	1578.5
64	1232.5
65	981.0
66	738.5
67	517.5
68	317.0
69	212.5
70	160.5
71	95.5
72	52.5
73	36.0
74	23.0
75	16.0
76	11.5
77	5.0
78	3.5
79	2.5
80	3.0
81	3.5
82	3.0
83	1.5
84	0.0
85	0.5
86	0.5
87	0.0
88	0.0
89	0.0
90	0.0
91	0.0
92	0.0
93	0.0
94	0.0
95	0.0
96	0.0
97	0.0
98	0.0
99	0.0
100	0.0
>>END_MODULE
>>Per base N content	pass
#Base	N-Count
1	0.0
2	0.0
3	0.0
4	0.0
5	0.0
6	0.0
7	0.0
8	0.0
9	0.0
10-11	0.0
12-13	0.0
14-15	0.0
16-17	0.0
18-19	0.0
20-21	0.0
22-23	0.0
24-25	0.0
26-27	0.0
28-29	0.0
30-31	0.0
32-33	0.0
34-35	0.0
36-37	0.0
38-39	0.0
40-41	0.0
42-43	0.0
44-45	0.0
46-47	0.0
48-49	0.0
50-51	0.0
52-53	0.0
54-55	0.0
56-57	0.0
58-59	0.0
60-61	0.0
62-63	0.0
64-65	0.0
66-67	0.0
68-69	0.0
70-71	0.0
72-73	0.0
74-75	0.0
76-77	0.0
78-79	0.0
80-81	0.0
82-83	0.0
84-85	0.0
86-87	0.0
88-89	0.0
90-91	0.0
92-93	0.0
94-95	0.0
96-97	0.0
98-99	0.0
100	0.0
>>END_MODULE
>>Sequence Length Distribution	pass
#Length	Count
100	100000.0
>>END_MODULE
>>Sequence Duplication Levels	pass
#Total Deduplicated Percentage	90.878
#Duplication Level	Percentage of deduplicated	Percentage of total
1	93.88080723607473	85.317
2	4.650190365104866	8.452
3	0.7658619247782742	2.088
4	0.28279671647703514	1.028
5	0.14745042804639188	0.67
6	0.07262483769449152	0.396
7	0.05721956909262968	0.364
8	0.03411166618983692	0.248
9	0.02860978454631484	0.234
>10	0.07922709566671801	1.131
>50	0.001100376328704417	0.07200000000000001
>100	0.0	0.0
>500	0.0	0.0
>1k	0.0	0.0
>5k	0.0	0.0
>10k+	0.0	0.0
>>END_MODULE
>>Overrepresented sequences	pass
>>END_MODULE
>>Adapter Content	pass
#Position	Illumina Universal Adapter	Illumina Small RNA 3' Adapter	Illumina Small RNA 5' Adapter	Nextera Transposase Sequence	SOLID Small RNA Adapter
1	0.0	0.0	0.0	0.0	0.0
2	0.0	0.0	0.0	0.0	0.0
3	0.0	0.0	0.0	0.0	0.0
4	0.0	0.0	0.0	0.0	0.0
5	0.0	0.0	0.0	0.0	0.0
6	0.0	0.0	0.0	0.0	0.0
7	0.0	0.0	0.0	0.0	0.0
8	0.0	0.0	0.0	0.0	0.0
9	0.0	0.0	0.0	0.0	0.0
10-11	0.0	0.0	0.0	0.0	0.0
12-13	0.0	0.0	0.0	0.0	0.0
14-15	0.0	0.0	0.0	0.0	0.0
16-17	0.0	0.0	0.0	0.0	0.0
18-19	0.0	0.0	0.0	0.0	0.0
20-21	0.0	0.0	0.0	0.0	0.0
22-23	0.0	0.0	0.0	0.0	0.0
24-25	0.0	0.0	0.0	0.0	0.0
26-27	0.0	0.0	0.0	0.0	0.0
28-29	0.0	0.0	0.0	0.0	0.0
30-31	0.0	0.0	0.0	0.0	0.0
32-33	0.0	0.0	0.0	0.0	0.0
34-35	0.0	0.0	0.0	0.0	0.0
36-37	0.0	0.0	0.0	0.0	0.0
38-39	0.0	0.0	0.0	0.0	0.0
40-41	0.0	0.0	0.0	0.0	0.0
42-43	0.0	0.0	0.0	0.0	0.0
44-45	0.0	0.0	0.0	0.0	0.0
46-47	0.0	0.0	0.0	0.0	0.0
48-49	0.0	0.0	0.0	0.0	0.0
50-51	0.0	0.0	0.0	0.0	0.0
52-53	0.0	0.0	0.0	0.0	0.0
54-55	0.0	0.0	0.0	0.0	0.0
56-57	0.0	0.0	0.0	0.0	0.0
58-59	0.0	0.0	0.0	0.0	0.0
60-61	0.0	0.0	0.0	0.0	0.0
62-63	0.0	0.0	0.0	0.0	0.0
64-65	0.0	0.0	0.0	0.0	0.0
66-67	0.0	0.0	0.0	0.0	0.0
68-69	0.0	0.0	0.0	0.0	0.0
70-71	0.0	0.0	0.0	0.0	0.0
72-73	0.0	0.0	0.0	0.0	0.0
74-75	0.0	0.0	0.0	0.0	0.0
76-77	0.0	0.0	0.0	0.0	0.0
78-79	0.0	0.0	0.0	0.0	0.0
80-81	0.0	0.0	0.0	0.0	0.0
82-83	0.0	0.0	0.0	0.0	0.0
84-85	0.0	0.0	0.0	0.0	0.0
86-87	0.0	0.0	0.0	0.0	0.0
88-89	0.0	0.0	0.0	0.0	0.0
>>END_MODULE
