##FastQC	0.11.9
>>Basic Statistics	pass
#Measure	Value
Filename	Tco-754_1.fq.gz
File type	Conventional base calls
Encoding	Sanger / Illumina 1.9
Total Sequences	100000
Sequences flagged as poor quality	0
Sequence length	100
%GC	50
>>END_MODULE
>>Per base sequence quality	pass
#Base	Mean	Median	Lower Quartile	Upper Quartile	10th Percentile	90th Percentile
1	35.10315	37.0	35.0	37.0	30.0	37.0
2	35.17168	37.0	35.0	37.0	30.0	38.0
3	35.02332	37.0	36.0	37.0	30.0	38.0
4	35.44045	37.0	36.0	37.0	31.0	38.0
5	35.40875	37.0	36.0	37.0	31.0	38.0
6	35.43345	37.0	36.0	37.0	31.0	38.0
7	35.46931	37.0	36.0	37.0	31.0	38.0
8	35.45628	37.0	36.0	37.0	31.0	38.0
9	35.44777	37.0	36.0	37.0	31.0	38.0
10-11	35.406545	37.0	36.0	37.0	31.0	38.0
12-13	35.45872	37.0	36.0	37.0	31.0	38.0
14-15	35.43136	37.0	36.0	37.0	31.0	38.0
16-17	35.366240000000005	37.0	36.0	37.0	31.0	38.0
18-19	35.34334	37.0	36.0	37.0	31.0	38.0
20-21	35.365705000000005	37.0	36.0	37.0	31.0	38.0
22-23	35.33734	37.0	36.0	37.0	31.0	38.0
24-25	35.33512	37.0	36.0	37.0	31.0	38.0
26-27	35.32046	37.0	36.0	37.0	31.0	38.0
28-29	35.323674999999994	37.0	36.0	37.0	31.0	38.0
30-31	35.30382	37.0	36.0	37.0	31.0	38.0
32-33	35.27105	37.0	36.0	37.0	31.0	38.0
34-35	35.295315	37.0	36.0	37.0	31.0	38.0
36-37	35.25570999999999	37.0	36.0	37.0	31.0	38.0
38-39	35.237894999999995	37.0	36.0	37.0	31.0	38.0
40-41	35.242525	37.0	36.0	37.0	31.0	38.0
42-43	35.217745	37.0	36.0	37.0	30.5	38.0
44-45	35.179165	37.0	36.0	37.0	30.0	38.0
46-47	35.18585	37.0	35.5	37.0	30.0	38.0
48-49	35.172934999999995	37.0	35.5	37.0	30.0	38.0
50-51	35.06812	37.0	35.0	37.0	30.0	38.0
52-53	35.04607	37.0	35.0	37.0	30.0	38.0
54-55	35.048384999999996	37.0	35.0	37.0	30.0	38.0
56-57	35.010985000000005	37.0	35.0	37.0	30.0	38.0
58-59	34.965185000000005	37.0	35.0	37.0	30.0	38.0
60-61	34.939355	37.0	35.0	37.0	29.5	38.0
62-63	34.903385	37.0	35.0	37.0	29.0	38.0
64-65	34.89989	37.0	35.0	37.0	29.5	38.0
66-67	34.872339999999994	37.0	35.0	37.0	29.0	38.0
68-69	34.828500000000005	37.0	35.0	37.0	29.0	38.0
70-71	34.769995	37.0	35.0	37.0	29.0	38.0
72-73	34.771055000000004	37.0	35.0	37.0	29.0	38.0
74-75	34.674025	37.0	35.0	37.0	29.0	38.0
76-77	34.551835	37.0	35.0	37.0	28.0	38.0
78-79	34.573260000000005	37.0	35.0	37.0	28.0	38.0
80-81	34.55963	37.0	35.0	37.0	28.0	38.0
82-83	34.514595	37.0	34.5	37.0	28.0	38.0
84-85	34.459805	37.0	34.0	37.0	28.0	38.0
86-87	34.418425	37.0	34.0	37.0	28.0	38.0
88-89	34.340925	37.0	34.0	37.0	27.5	38.0
90-91	34.299875	37.0	34.0	37.0	27.0	38.0
92-93	34.266684999999995	37.0	34.0	37.0	27.0	38.0
94-95	34.17024	37.0	34.0	37.0	27.0	38.0
96-97	34.192854999999994	37.0	34.0	37.0	27.0	38.0
98-99	34.051140000000004	37.0	34.0	37.0	26.0	38.0
100	34.01164	37.0	34.0	37.0	26.0	38.0
>>END_MODULE
>>Per sequence quality scores	pass
#Quality	Count
21	1.0
22	21.0
23	90.0
24	176.0
25	331.0
26	598.0
27	901.0
28	1309.0
29	1966.0
30	2688.0
31	3627.0
32	4827.0
33	6657.0
34	10109.0
35	19565.0
36	43250.0
37	3884.0
>>END_MODULE
>>Per base sequence content	fail
#Base	G	A	T	C
1	42.233	12.096	9.023	36.647999999999996
2	28.177999999999997	17.927	35.835	18.060000000000002
3	24.425	21.637999999999998	22.767	31.169999999999998
4	28.258	29.902	20.373	21.467
5	24.707	30.569000000000003	24.05	20.674
6	21.267	33.111000000000004	26.235000000000003	19.387
7	20.357	16.96	39.739999999999995	22.942999999999998
8	23.394000000000002	22.214	27.968	26.423999999999996
9	23.477999999999998	21.066	29.383	26.073
10-11	25.3285	29.2715	21.2345	24.1655
12-13	24.551000000000002	23.2605	27.227	24.9615
14-15	24.028	25.156	26.5125	24.3035
16-17	25.399500000000003	24.748	25.375500000000002	24.477
18-19	25.240000000000002	24.9775	25.041999999999998	24.7405
20-21	25.165	25.0805	25.2365	24.518
22-23	25.338500000000003	25.076500000000003	24.9715	24.6135
24-25	25.3975	24.766	24.8945	24.942
26-27	25.0855	24.933	25.176	24.8055
28-29	25.253500000000003	24.8865	24.959500000000002	24.9005
30-31	25.406499999999998	24.992	24.776500000000002	24.825
32-33	25.119000000000003	25.1525	24.752	24.976499999999998
34-35	25.497500000000002	24.948	24.6155	24.939
36-37	25.113000000000003	24.746499999999997	24.907	25.2335
38-39	25.0925	25.072	24.955	24.8805
40-41	25.540499999999998	24.68	24.7605	25.019000000000002
42-43	25.397	24.585	24.769	25.249
44-45	25.2565	24.8275	24.8795	25.0365
46-47	25.4095	24.8835	24.6625	25.044499999999996
48-49	25.215500000000002	24.6095	25.022499999999997	25.1525
50-51	25.168000000000003	24.935	24.8495	25.0475
52-53	25.480999999999998	24.791	24.746000000000002	24.982
54-55	25.3105	24.444499999999998	24.895999999999997	25.349
56-57	25.2375	24.7415	24.966	25.055
58-59	25.3955	24.590999999999998	24.9115	25.102000000000004
60-61	25.157	24.482	25.036	25.324999999999996
62-63	25.1225	24.624499999999998	25.056	25.197000000000003
64-65	25.631500000000003	24.474	24.657999999999998	25.2365
66-67	25.3125	24.528	24.836	25.3235
68-69	25.180999999999997	24.6035	25.0415	25.174000000000003
70-71	25.307000000000002	24.415	24.953500000000002	25.3245
72-73	25.312	24.448	24.898	25.342
74-75	25.14	24.435000000000002	25.230999999999998	25.194
76-77	25.488	24.4665	24.768	25.277500000000003
78-79	25.198500000000003	24.508	24.921499999999998	25.372
80-81	24.975	24.484	25.216499999999996	25.3245
82-83	25.312	24.7105	24.7175	25.259999999999998
84-85	25.296999999999997	24.307000000000002	25.0735	25.322499999999998
86-87	25.223499999999998	24.5	25.033	25.2435
88-89	25.4295	24.410999999999998	24.95	25.209500000000002
90-91	25.076500000000003	24.345	25.0715	25.507
92-93	25.155	24.499499999999998	25.111	25.234499999999997
94-95	25.503500000000003	24.545	24.745	25.2065
96-97	25.195	24.6	24.796499999999998	25.4085
98-99	25.218	24.6065	24.9525	25.223000000000003
100	25.375999999999998	24.691	24.524	25.409
>>END_MODULE
>>Per sequence GC content	pass
#GC Content	Count
0	1.0
1	0.5
2	0.0
3	0.0
4	0.0
5	0.0
6	0.0
7	0.0
8	0.0
9	0.0
10	0.0
11	0.0
12	0.0
13	0.0
14	0.5
15	1.5
16	2.5
17	4.0
18	6.0
19	9.0
20	11.5
21	16.5
22	21.0
23	24.5
24	45.5
25	70.0
26	88.5
27	119.5
28	154.5
29	210.5
30	289.5
31	355.0
32	440.0
33	524.5
34	644.5
35	818.0
36	1015.5
37	1200.0
38	1307.0
39	1490.0
40	1763.5
41	2059.0
42	2364.0
43	2637.5
44	2969.0
45	3383.0
46	3741.5
47	4092.0
48	4400.5
49	4656.0
50	4911.0
51	5034.0
52	5023.0
53	4969.5
54	4855.5
55	4634.0
56	4368.0
57	4100.5
58	3779.0
59	3349.0
60	2955.5
61	2581.0
62	2135.0
63	1742.5
64	1381.5
65	1016.5
66	721.0
67	506.5
68	340.0
69	238.0
70	166.5
71	90.0
72	57.5
73	42.0
74	25.5
75	15.0
76	10.5
77	6.0
78	2.5
79	2.5
80	0.5
81	1.0
82	1.5
83	1.0
84	0.5
85	0.0
86	0.0
87	0.0
88	0.0
89	0.0
90	0.0
91	0.0
92	0.0
93	0.0
94	0.0
95	0.0
96	0.0
97	0.0
98	0.0
99	0.0
100	0.0
>>END_MODULE
>>Per base N content	pass
#Base	N-Count
1	0.0
2	0.0
3	0.0
4	0.0
5	0.0
6	0.0
7	0.0
8	0.0
9	0.0
10-11	0.0
12-13	0.0
14-15	0.0
16-17	0.0
18-19	0.0
20-21	0.0
22-23	0.0
24-25	0.0
26-27	0.0
28-29	0.0
30-31	0.0
32-33	0.0
34-35	0.0
36-37	0.0
38-39	0.0
40-41	0.0
42-43	0.0
44-45	0.0
46-47	0.0
48-49	0.0
50-51	0.0
52-53	0.0
54-55	0.0
56-57	0.0
58-59	0.0
60-61	0.0
62-63	0.0
64-65	0.0
66-67	0.0
68-69	0.0
70-71	0.0
72-73	0.0
74-75	0.0
76-77	0.0
78-79	0.0
80-81	0.0
82-83	0.0
84-85	0.0
86-87	0.0
88-89	0.0
90-91	0.0
92-93	0.0
94-95	0.0
96-97	0.0
98-99	0.0
100	0.0
>>END_MODULE
>>Sequence Length Distribution	pass
#Length	Count
100	100000.0
>>END_MODULE
>>Sequence Duplication Levels	pass
#Total Deduplicated Percentage	92.399
#Duplication Level	Percentage of deduplicated	Percentage of total
1	94.55946492927413	87.372
2	4.226236214677648	7.8100000000000005
3	0.6298769467202027	1.746
4	0.26298985919761037	0.972
5	0.12662474702107165	0.585
6	0.07467613285858071	0.414
7	0.03571467223671252	0.231
8	0.020562993105985996	0.152
9	0.014069416335674628	0.117
>10	0.04978408857238715	0.601
>50	0.0	0.0
>100	0.0	0.0
>500	0.0	0.0
>1k	0.0	0.0
>5k	0.0	0.0
>10k+	0.0	0.0
>>END_MODULE
>>Overrepresented sequences	pass
>>END_MODULE
>>Adapter Content	pass
#Position	Illumina Universal Adapter	Illumina Small RNA 3' Adapter	Illumina Small RNA 5' Adapter	Nextera Transposase Sequence	SOLID Small RNA Adapter
1	0.0	0.0	0.0	0.0	0.0
2	0.0	0.0	0.0	0.0	0.0
3	0.0	0.0	0.0	0.0	0.0
4	0.0	0.0	0.0	0.0	0.0
5	0.0	0.0	0.0	0.0	0.0
6	0.0	0.0	0.0	0.0	0.0
7	0.0	0.0	0.0	0.0	0.0
8	0.0	0.0	0.0	0.0	0.0
9	0.0	0.0	0.0	0.0	0.0
10-11	0.0	0.0	0.0	0.0	0.0
12-13	0.0	0.0	0.0	0.0	0.0
14-15	0.0	0.0	0.0	0.0	0.0
16-17	0.0	0.0	0.0	0.0	0.0
18-19	0.0	0.0	0.0	0.0	0.0
20-21	0.0	0.0	0.0	0.0	0.0
22-23	0.0	0.0	0.0	0.0	0.0
24-25	0.0	0.0	0.0	0.0	0.0
26-27	0.0	0.0	0.0	0.0	0.0
28-29	0.0	0.0	0.0	0.0	0.0
30-31	0.0	0.0	0.0	0.0	0.0
32-33	0.0	0.0	0.0	0.0	0.0
34-35	0.0	0.0	0.0	0.0	0.0
36-37	0.0	0.0	0.0	0.0	0.0
38-39	0.0	0.0	0.0	0.0	0.0
40-41	0.0	0.0	0.0	0.0	0.0
42-43	0.0	0.0	0.0	0.0	0.0
44-45	0.0	0.0	0.0	0.0	0.0
46-47	0.0	0.0	0.0	0.0	0.0
48-49	0.0	0.0	0.0	0.0	0.0
50-51	0.0	0.0	0.0	0.0	0.0
52-53	0.0	0.0	0.0	0.0	0.0
54-55	0.0	0.0	0.0	0.0	0.0
56-57	0.0	0.0	0.0	0.0	0.0
58-59	0.0	0.0	0.0	0.0	0.0
60-61	0.0	0.0	0.0	0.0	0.0
62-63	0.0	0.0	0.0	0.0	0.0
64-65	0.0	0.0	0.0	0.0	0.0
66-67	0.0	0.0	0.0	0.0	0.0
68-69	0.0	0.0	0.0	0.0	0.0
70-71	0.0	0.0	0.0	0.0	0.0
72-73	0.0	0.0	0.0	0.0	0.0
74-75	0.0	0.0	0.0	0.0	0.0
76-77	0.0	0.0	0.0	0.0	0.0
78-79	0.0	0.0	0.0	0.0	0.0
80-81	0.0	0.0	0.0	0.0	0.0
82-83	0.0	0.0	0.0	0.0	0.0
84-85	0.0	0.0	0.0	0.0	0.0
86-87	0.0	0.0	0.0	0.0	0.0
88-89	0.0	0.0	0.0	0.0	0.0
>>END_MODULE
