##FastQC	0.11.9
>>Basic Statistics	pass
#Measure	Value
Filename	Tco-960_1.fq.gz
File type	Conventional base calls
Encoding	Sanger / Illumina 1.9
Total Sequences	100000
Sequences flagged as poor quality	0
Sequence length	100
%GC	49
>>END_MODULE
>>Per base sequence quality	pass
#Base	Mean	Median	Lower Quartile	Upper Quartile	10th Percentile	90th Percentile
1	35.01264	37.0	35.0	37.0	30.0	37.0
2	35.10102	37.0	35.0	37.0	30.0	38.0
3	34.91515	37.0	35.0	37.0	30.0	38.0
4	35.34329	37.0	36.0	37.0	31.0	38.0
5	35.33526	37.0	36.0	37.0	31.0	38.0
6	35.36264	37.0	36.0	37.0	31.0	38.0
7	35.3985	37.0	36.0	37.0	31.0	38.0
8	35.41779	37.0	36.0	37.0	31.0	38.0
9	35.34811	37.0	36.0	37.0	31.0	38.0
10-11	35.339304999999996	37.0	36.0	37.0	31.0	38.0
12-13	35.382405	37.0	36.0	37.0	31.0	38.0
14-15	35.357535	37.0	36.0	37.0	31.0	38.0
16-17	35.28645	37.0	36.0	37.0	31.0	38.0
18-19	35.27028	37.0	36.0	37.0	31.0	38.0
20-21	35.281855	37.0	36.0	37.0	31.0	38.0
22-23	35.251819999999995	37.0	36.0	37.0	31.0	38.0
24-25	35.25661	37.0	36.0	37.0	31.0	38.0
26-27	35.22502	37.0	36.0	37.0	30.5	38.0
28-29	35.228705000000005	37.0	36.0	37.0	30.5	38.0
30-31	35.20539	37.0	36.0	37.0	30.5	38.0
32-33	35.17501	37.0	35.0	37.0	30.0	38.0
34-35	35.211034999999995	37.0	36.0	37.0	30.5	38.0
36-37	35.16391	37.0	35.0	37.0	30.0	38.0
38-39	35.15077	37.0	35.0	37.0	30.0	38.0
40-41	35.115809999999996	37.0	35.0	37.0	30.0	38.0
42-43	35.10776	37.0	35.0	37.0	30.0	38.0
44-45	35.095305	37.0	35.0	37.0	30.0	38.0
46-47	35.07218	37.0	35.0	37.0	30.0	38.0
48-49	35.066925	37.0	35.0	37.0	30.0	38.0
50-51	34.970744999999994	37.0	35.0	37.0	30.0	38.0
52-53	34.956735	37.0	35.0	37.0	30.0	38.0
54-55	34.91698	37.0	35.0	37.0	29.5	38.0
56-57	34.903925	37.0	35.0	37.0	29.5	38.0
58-59	34.87153	37.0	35.0	37.0	29.0	38.0
60-61	34.836115	37.0	35.0	37.0	29.0	38.0
62-63	34.798045	37.0	35.0	37.0	29.0	38.0
64-65	34.803835	37.0	35.0	37.0	29.0	38.0
66-67	34.75999	37.0	35.0	37.0	29.0	38.0
68-69	34.70257	37.0	35.0	37.0	29.0	38.0
70-71	34.65391	37.0	35.0	37.0	28.5	38.0
72-73	34.6571	37.0	35.0	37.0	29.0	38.0
74-75	34.552465	37.0	35.0	37.0	28.0	38.0
76-77	34.443505	37.0	34.0	37.0	28.0	38.0
78-79	34.454735	37.0	34.0	37.0	28.0	38.0
80-81	34.422664999999995	37.0	34.0	37.0	28.0	38.0
82-83	34.394955	37.0	34.0	37.0	28.0	38.0
84-85	34.36993	37.0	34.0	37.0	28.0	38.0
86-87	34.2994	37.0	34.0	37.0	27.0	38.0
88-89	34.27208	37.0	34.0	37.0	27.0	38.0
90-91	34.202	37.0	34.0	37.0	27.0	38.0
92-93	34.17472	37.0	34.0	37.0	27.0	38.0
94-95	34.052004999999994	37.0	34.0	37.0	26.5	38.0
96-97	34.07159	37.0	34.0	37.0	26.5	38.0
98-99	33.971199999999996	37.0	33.5	37.0	26.0	38.0
100	33.8841	37.0	33.0	37.0	26.0	38.0
>>END_MODULE
>>Per sequence quality scores	pass
#Quality	Count
20	1.0
21	0.0
22	23.0
23	72.0
24	211.0
25	302.0
26	603.0
27	988.0
28	1450.0
29	2078.0
30	2902.0
31	3917.0
32	5211.0
33	6938.0
34	10704.0
35	19872.0
36	41362.0
37	3366.0
>>END_MODULE
>>Per base sequence content	fail
#Base	G	A	T	C
1	42.579	12.116	9.071	36.234
2	28.409000000000002	18.611	35.205	17.775
3	24.447	22.408	22.68	30.464999999999996
4	28.424	29.84	20.531	21.205
5	24.544	31.480999999999998	23.904	20.071
6	20.865000000000002	33.815	26.226	19.094
7	20.247999999999998	17.488	39.51	22.753999999999998
8	23.634	22.161	28.044000000000004	26.161
9	23.199	21.561	29.461	25.779000000000003
10-11	24.990000000000002	29.924	21.431	23.655
12-13	24.203	23.6245	27.8135	24.359
14-15	23.8625	25.723000000000003	26.421	23.9935
16-17	25.1145	25.402	25.648500000000002	23.835
18-19	24.768	25.3685	25.400499999999997	24.462999999999997
20-21	25.0925	25.392500000000002	25.4645	24.0505
22-23	25.058000000000003	25.5995	25.131500000000003	24.211
24-25	25.145	25.472499999999997	25.185999999999996	24.1965
26-27	24.8605	25.562	25.2585	24.319
28-29	25.1815	25.3715	24.89	24.557000000000002
30-31	25.129	25.316499999999998	25.028499999999998	24.526
32-33	24.6995	25.631500000000003	25.203999999999997	24.465
34-35	25.380000000000003	25.1025	25.188	24.3295
36-37	24.9805	25.1955	25.502000000000002	24.322
38-39	24.990499999999997	25.489	25.1645	24.356
40-41	24.94	25.135999999999996	25.169000000000004	24.755
42-43	24.849	25.3155	25.363000000000003	24.4725
44-45	24.9975	25.489	25.091	24.4225
46-47	25.057499999999997	25.277	25.051499999999997	24.614
48-49	24.9005	25.1785	25.0245	24.8965
50-51	24.726	24.993000000000002	25.473499999999998	24.807499999999997
52-53	25.3095	24.823500000000003	25.311	24.556
54-55	24.944	24.840999999999998	25.1695	25.045499999999997
56-57	24.868499999999997	25.118499999999997	25.0865	24.926499999999997
58-59	24.9195	25.093	25.0125	24.975
60-61	24.8325	24.997	25.047000000000004	25.1235
62-63	24.633	25.066	25.247500000000002	25.0535
64-65	25.284499999999998	24.789	25.036	24.8905
66-67	24.8175	24.882	25.087	25.2135
68-69	24.9375	24.929000000000002	25.392	24.7415
70-71	25.173000000000002	24.814	25.22	24.793000000000003
72-73	25.230999999999998	24.694	25.1155	24.959500000000002
74-75	24.881500000000003	24.695	25.421	25.0025
76-77	24.9865	24.8975	25.216499999999996	24.8995
78-79	25.036	24.817	25.1455	25.0015
80-81	24.815	25.229499999999998	25.040499999999998	24.915000000000003
82-83	25.088	25.005	25.0605	24.8465
84-85	25.009500000000003	24.624499999999998	25.381999999999998	24.984
86-87	24.619	25.178	25.268	24.935
88-89	24.739	25.1715	25.015500000000003	25.074
90-91	24.867	25.0585	24.9255	25.149
92-93	24.8485	24.9745	25.435999999999996	24.741
94-95	25.121	24.9815	24.732000000000003	25.1655
96-97	25.167	24.695	24.97	25.168000000000003
98-99	24.8765	25.11	25.089499999999997	24.924
100	25.224999999999998	24.894	24.754	25.127
>>END_MODULE
>>Per sequence GC content	pass
#GC Content	Count
0	0.0
1	0.0
2	0.0
3	0.0
4	0.0
5	0.0
6	0.0
7	0.0
8	0.5
9	1.0
10	1.0
11	1.0
12	0.5
13	0.5
14	1.5
15	1.5
16	6.0
17	9.0
18	7.0
19	10.0
20	15.5
21	18.0
22	24.0
23	34.0
24	59.0
25	89.5
26	114.5
27	165.5
28	224.0
29	285.0
30	363.5
31	469.0
32	571.5
33	683.0
34	883.0
35	1077.5
36	1217.0
37	1437.5
38	1656.5
39	1846.0
40	2132.0
41	2394.0
42	2672.5
43	2956.5
44	3183.0
45	3426.5
46	3667.0
47	3987.0
48	4329.0
49	4543.5
50	4682.0
51	4729.0
52	4671.0
53	4503.0
54	4365.0
55	4153.5
56	3933.5
57	3740.0
58	3510.5
59	3248.0
60	2903.0
61	2552.5
62	2160.0
63	1728.5
64	1298.5
65	999.0
66	751.0
67	527.0
68	355.0
69	231.0
70	149.5
71	98.0
72	54.5
73	29.0
74	21.5
75	13.5
76	9.5
77	7.5
78	2.5
79	2.5
80	3.0
81	2.0
82	1.5
83	0.5
84	0.0
85	0.0
86	0.0
87	0.0
88	0.0
89	0.0
90	0.0
91	0.0
92	0.0
93	0.0
94	0.0
95	0.0
96	0.0
97	0.0
98	0.0
99	0.0
100	0.0
>>END_MODULE
>>Per base N content	pass
#Base	N-Count
1	0.0
2	0.0
3	0.0
4	0.0
5	0.0
6	0.0
7	0.0
8	0.0
9	0.0
10-11	0.0
12-13	0.0
14-15	0.0
16-17	0.0
18-19	0.0
20-21	0.0
22-23	0.0
24-25	0.0
26-27	0.0
28-29	0.0
30-31	0.0
32-33	0.0
34-35	0.0
36-37	0.0
38-39	0.0
40-41	0.0
42-43	0.0
44-45	0.0
46-47	0.0
48-49	0.0
50-51	0.0
52-53	0.0
54-55	0.0
56-57	0.0
58-59	0.0
60-61	0.0
62-63	0.0
64-65	0.0
66-67	0.0
68-69	0.0
70-71	0.0
72-73	0.0
74-75	0.0
76-77	0.0
78-79	0.0
80-81	0.0
82-83	0.0
84-85	0.0
86-87	0.0
88-89	0.0
90-91	0.0
92-93	0.0
94-95	0.0
96-97	0.0
98-99	0.0
100	0.0
>>END_MODULE
>>Sequence Length Distribution	pass
#Length	Count
100	100000.0
>>END_MODULE
>>Sequence Duplication Levels	pass
#Total Deduplicated Percentage	88.936
#Duplication Level	Percentage of deduplicated	Percentage of total
1	93.44359989205721	83.10499999999999
2	4.861923180714221	8.648
3	0.8657911307007287	2.31
4	0.2777278042637402	0.988
5	0.12368444724296124	0.5499999999999999
6	0.1079427903211298	0.5760000000000001
7	0.07421066834577673	0.462
8	0.04834937483133939	0.344
9	0.03822973823873347	0.306
>10	0.15179454888908878	2.287
>50	0.0067464243950706125	0.424
>100	0.0	0.0
>500	0.0	0.0
>1k	0.0	0.0
>5k	0.0	0.0
>10k+	0.0	0.0
>>END_MODULE
>>Overrepresented sequences	pass
>>END_MODULE
>>Adapter Content	pass
#Position	Illumina Universal Adapter	Illumina Small RNA 3' Adapter	Illumina Small RNA 5' Adapter	Nextera Transposase Sequence	SOLID Small RNA Adapter
1	0.0	0.0	0.0	0.0	0.0
2	0.0	0.0	0.0	0.0	0.0
3	0.0	0.0	0.0	0.0	0.0
4	0.0	0.0	0.0	0.0	0.0
5	0.0	0.0	0.0	0.0	0.0
6	0.0	0.0	0.0	0.0	0.0
7	0.0	0.0	0.0	0.0	0.0
8	0.0	0.0	0.0	0.0	0.0
9	0.0	0.0	0.0	0.0	0.0
10-11	0.0	0.0	0.0	0.0	0.0
12-13	0.0	0.0	0.0	0.0	0.0
14-15	0.0	0.0	0.0	0.0	0.0
16-17	0.0	0.0	0.0	0.0	0.0
18-19	0.0	0.0	0.0	0.0	0.0
20-21	0.0	0.0	0.0	0.0	0.0
22-23	0.0	0.0	0.0	0.0	0.0
24-25	0.0	0.0	0.0	0.0	0.0
26-27	0.0	0.0	0.0	0.0	0.0
28-29	0.0	0.0	0.0	0.0	0.0
30-31	0.0	0.0	0.0	0.0	0.0
32-33	0.0	0.0	0.0	0.0	0.0
34-35	0.0	0.0	0.0	0.0	0.0
36-37	0.0	0.0	0.0	0.0	0.0
38-39	0.0	0.0	0.0	0.0	0.0
40-41	0.0	0.0	0.0	0.0	0.0
42-43	0.0	0.0	0.0	0.0	0.0
44-45	0.0	0.0	0.0	0.0	0.0
46-47	0.0	0.0	0.0	0.0	0.0
48-49	0.0	0.0	0.0	0.0	0.0
50-51	0.0	0.0	0.0	0.0	0.0
52-53	0.0	0.0	0.0	0.0	0.0
54-55	0.0	0.0	0.0	0.0	0.0
56-57	0.0	0.0	0.0	0.0	0.0
58-59	0.0	0.0	0.0	0.0	0.0
60-61	0.0	0.0	0.0	0.0	0.0
62-63	0.0	0.0	0.0	0.0	0.0
64-65	0.0	0.0	0.0	0.0	0.0
66-67	0.0	0.0	0.0	0.0	0.0
68-69	0.0	0.0	0.0	0.0	0.0
70-71	0.0	0.0	0.0	0.0	0.0
72-73	0.0	0.0	0.0	0.0	0.0
74-75	0.0	0.0	0.0	0.0	0.0
76-77	0.0	0.0	0.0	0.0	0.0
78-79	0.0	0.0	0.0	0.0	0.0
80-81	0.0	0.0	0.0	0.0	0.0
82-83	0.0	0.0	0.0	0.0	0.0
84-85	0.0	0.0	0.0	0.0	0.0
86-87	0.0	0.0	0.0	0.0	0.0
88-89	0.0	0.0	0.0	0.0	0.0
>>END_MODULE
