##FastQC	0.11.9
>>Basic Statistics	pass
#Measure	Value
Filename	Tco-486_2.fq.gz
File type	Conventional base calls
Encoding	Sanger / Illumina 1.9
Total Sequences	100000
Sequences flagged as poor quality	0
Sequence length	100
%GC	50
>>END_MODULE
>>Per base sequence quality	pass
#Base	Mean	Median	Lower Quartile	Upper Quartile	10th Percentile	90th Percentile
1	35.15285	37.0	36.0	37.0	30.0	37.0
2	35.12665	37.0	36.0	37.0	30.0	37.0
3	35.24927	37.0	36.0	37.0	31.0	38.0
4	35.24943	37.0	36.0	37.0	31.0	38.0
5	35.16972	37.0	36.0	37.0	30.0	38.0
6	35.07454	37.0	35.0	37.0	30.0	38.0
7	35.1258	37.0	35.0	37.0	30.0	38.0
8	35.20625	37.0	36.0	37.0	31.0	38.0
9	35.12338	37.0	35.0	37.0	30.0	38.0
10-11	35.096185	37.0	35.5	37.0	30.0	38.0
12-13	35.12696	37.0	35.0	37.0	30.0	38.0
14-15	35.04515	37.0	35.0	37.0	30.0	38.0
16-17	35.049445000000006	37.0	35.0	37.0	30.0	38.0
18-19	35.0015	37.0	35.0	37.0	30.0	38.0
20-21	34.948065	37.0	35.0	37.0	30.0	38.0
22-23	34.93445	37.0	35.0	37.0	30.0	38.0
24-25	34.9355	37.0	35.0	37.0	29.5	38.0
26-27	34.88453	37.0	35.0	37.0	29.0	38.0
28-29	34.838975000000005	37.0	35.0	37.0	29.0	38.0
30-31	34.798249999999996	37.0	35.0	37.0	29.0	38.0
32-33	34.7811	37.0	35.0	37.0	29.0	38.0
34-35	34.756985	37.0	35.0	37.0	29.0	38.0
36-37	34.69001	37.0	35.0	37.0	29.0	38.0
38-39	34.644705	37.0	35.0	37.0	29.0	38.0
40-41	34.601299999999995	37.0	35.0	37.0	28.0	38.0
42-43	34.5299	37.0	35.0	37.0	28.0	38.0
44-45	34.465435	37.0	34.0	37.0	28.0	38.0
46-47	34.46237	37.0	34.0	37.0	28.0	38.0
48-49	34.324515000000005	37.0	34.0	37.0	27.5	38.0
50-51	34.327385	37.0	34.0	37.0	27.5	38.0
52-53	34.25441	37.0	34.0	37.0	27.0	38.0
54-55	34.176595000000006	37.0	34.0	37.0	27.0	38.0
56-57	34.1457	37.0	34.0	37.0	27.0	38.0
58-59	34.11089	37.0	34.0	37.0	27.0	38.0
60-61	33.97989	37.0	34.0	37.0	26.0	38.0
62-63	33.903815	37.0	33.0	37.0	26.0	38.0
64-65	33.88956	37.0	33.0	37.0	26.0	38.0
66-67	33.821034999999995	37.0	33.0	37.0	26.0	38.0
68-69	33.705965000000006	37.0	33.0	37.0	25.5	38.0
70-71	33.632180000000005	37.0	33.0	37.0	25.0	38.0
72-73	33.58516	37.0	33.0	37.0	25.0	38.0
74-75	33.55224	37.0	33.0	37.0	25.0	38.0
76-77	33.38401	36.0	32.5	37.0	24.0	38.0
78-79	33.31891	36.0	32.0	37.0	24.0	38.0
80-81	33.258185	36.0	32.0	37.0	24.0	38.0
82-83	33.165035	36.0	32.0	37.0	23.5	37.5
84-85	33.062435	36.0	32.0	37.0	23.0	37.0
86-87	32.923230000000004	36.0	32.0	37.0	23.0	37.0
88-89	32.8579	36.0	31.5	37.0	22.5	37.0
90-91	32.739450000000005	36.0	31.0	37.0	22.0	37.0
92-93	32.667159999999996	36.0	31.0	37.0	22.0	37.0
94-95	32.606285	36.0	31.0	37.0	22.0	37.0
96-97	32.468305	36.0	31.0	37.0	21.0	37.0
98-99	32.3307	36.0	30.5	37.0	21.0	37.0
100	32.2669	36.0	30.0	37.0	21.0	37.0
>>END_MODULE
>>Per sequence quality scores	pass
#Quality	Count
21	22.0
22	163.0
23	418.0
24	772.0
25	1101.0
26	1335.0
27	1672.0
28	2230.0
29	2698.0
30	3446.0
31	4617.0
32	6320.0
33	8693.0
34	13406.0
35	22869.0
36	28862.0
37	1376.0
>>END_MODULE
>>Per base sequence content	fail
#Base	G	A	T	C
1	41.721000000000004	12.407	8.722000000000001	37.15
2	29.186	18.368000000000002	34.358	18.088
3	24.259	21.911	22.425	31.405
4	28.748	30.03	20.141000000000002	21.081
5	25.011	31.171	23.591	20.227
6	21.128	33.626	25.739	19.506999999999998
7	20.302	17.047	39.616	23.035
8	23.855999999999998	21.798000000000002	27.458	26.888
9	23.605	21.373	29.586000000000002	25.435999999999996
10-11	25.868000000000002	29.550500000000003	20.5855	23.996000000000002
12-13	25.035	23.636	26.729999999999997	24.599
14-15	24.323	25.734	25.9265	24.0165
16-17	25.814500000000002	24.826500000000003	25.176	24.183
18-19	25.0235	25.1575	25.0545	24.7645
20-21	25.4855	25.541999999999998	24.6875	24.285
22-23	25.3245	25.805	24.2855	24.585
24-25	25.2755	25.2745	24.613	24.837
26-27	25.1275	25.592	24.847	24.4335
28-29	25.592	25.266499999999997	24.268	24.8735
30-31	25.4585	25.605	24.3625	24.573999999999998
32-33	25.284499999999998	25.3175	24.2725	25.125500000000002
34-35	25.546000000000003	25.358000000000004	24.357	24.739
36-37	25.192999999999998	25.2515	24.6745	24.881
38-39	25.129	25.333499999999997	24.648500000000002	24.889
40-41	25.6295	25.293	24.2355	24.842
42-43	25.3855	25.107000000000003	24.4195	25.088
44-45	25.252999999999997	25.167	24.595	24.985
46-47	25.485999999999997	25.1215	24.581500000000002	24.811
48-49	25.3255	25.1225	24.606	24.945999999999998
50-51	25.21	25.0855	24.9445	24.759999999999998
52-53	25.6785	25.052000000000003	24.1925	25.076999999999998
54-55	25.491000000000003	25.205499999999997	24.4515	24.852
56-57	25.369000000000003	25.05	24.7455	24.8355
58-59	25.404500000000002	24.923000000000002	24.91	24.762500000000003
60-61	25.427	25.104	24.418	25.051000000000002
62-63	25.417499999999997	25.027	24.6015	24.954
64-65	25.5635	24.889	24.5545	24.993000000000002
66-67	25.7525	24.901	24.5035	24.843
68-69	25.477	25.031	24.671000000000003	24.820999999999998
70-71	25.779000000000003	24.807499999999997	24.590999999999998	24.8225
72-73	25.697	24.346999999999998	24.4875	25.4685
74-75	25.393	24.772	24.8445	24.990499999999997
76-77	25.752000000000002	24.853	24.4975	24.8975
78-79	25.688	25.077500000000004	24.386	24.8485
80-81	25.435000000000002	24.5345	24.789	25.2415
82-83	25.8525	25.093500000000002	24.1715	24.8825
84-85	25.636	24.834	24.5625	24.9675
86-87	25.465500000000002	24.738	24.705	25.0915
88-89	25.6955	24.735	24.6555	24.914
90-91	25.503500000000003	24.810499999999998	24.481	25.205
92-93	25.5365	24.789	24.7175	24.956999999999997
94-95	25.5855	25.022	24.2175	25.174999999999997
96-97	25.909	24.584	24.4555	25.051499999999997
98-99	25.811	24.811	24.242	25.135999999999996
100	26.273999999999997	24.705	23.863	25.158
>>END_MODULE
>>Per sequence GC content	pass
#GC Content	Count
0	0.0
1	0.0
2	0.0
3	0.0
4	0.0
5	0.5
6	0.5
7	0.0
8	0.0
9	0.5
10	0.5
11	0.0
12	0.5
13	1.5
14	1.5
15	0.5
16	0.5
17	2.5
18	6.0
19	9.0
20	12.5
21	14.5
22	16.5
23	31.0
24	45.0
25	66.0
26	97.5
27	127.0
28	165.0
29	222.5
30	309.5
31	414.0
32	491.0
33	585.0
34	709.5
35	820.5
36	995.5
37	1197.0
38	1403.0
39	1620.0
40	1866.0
41	2099.0
42	2315.5
43	2627.5
44	2911.0
45	3140.5
46	3405.5
47	3799.0
48	4446.0
49	4938.0
50	5023.5
51	4930.0
52	4865.0
53	4766.0
54	4607.0
55	4477.5
56	4334.0
57	4148.5
58	3904.5
59	3557.5
60	3042.0
61	2550.0
62	2084.5
63	1720.5
64	1421.0
65	1056.5
66	773.5
67	571.5
68	399.5
69	280.0
70	209.5
71	135.0
72	73.5
73	53.0
74	40.5
75	22.5
76	14.0
77	8.5
78	2.5
79	2.0
80	3.0
81	3.0
82	2.5
83	1.5
84	1.5
85	0.5
86	0.0
87	0.0
88	0.0
89	0.0
90	0.0
91	0.0
92	0.0
93	0.0
94	0.0
95	0.0
96	0.0
97	0.0
98	0.0
99	0.0
100	0.0
>>END_MODULE
>>Per base N content	pass
#Base	N-Count
1	0.0
2	0.0
3	0.0
4	0.0
5	0.0
6	0.0
7	0.0
8	0.0
9	0.0
10-11	0.0
12-13	0.0
14-15	0.0
16-17	0.0
18-19	0.0
20-21	0.0
22-23	0.0
24-25	0.0
26-27	0.0
28-29	0.0
30-31	0.0
32-33	0.0
34-35	0.0
36-37	0.0
38-39	0.0
40-41	0.0
42-43	0.0
44-45	0.0
46-47	0.0
48-49	0.0
50-51	0.0
52-53	0.0
54-55	0.0
56-57	0.0
58-59	0.0
60-61	0.0
62-63	0.0
64-65	0.0
66-67	0.0
68-69	0.0
70-71	0.0
72-73	0.0
74-75	0.0
76-77	0.0
78-79	0.0
80-81	0.0
82-83	0.0
84-85	0.0
86-87	0.0
88-89	0.0
90-91	0.0
92-93	0.0
94-95	0.0
96-97	0.0
98-99	0.0
100	0.0
>>END_MODULE
>>Sequence Length Distribution	pass
#Length	Count
100	100000.0
>>END_MODULE
>>Sequence Duplication Levels	pass
#Total Deduplicated Percentage	88.75699999999999
#Duplication Level	Percentage of deduplicated	Percentage of total
1	94.05004675687552	83.476
2	4.398526313417533	7.808
3	0.6512162420992147	1.7340000000000002
4	0.25688114740245843	0.9119999999999999
5	0.14759399258650022	0.655
6	0.107033811417691	0.5700000000000001
7	0.060840271753213826	0.378
8	0.06196694345234741	0.44
9	0.03718016607140845	0.297
>10	0.22195432472931712	3.3320000000000003
>50	0.006760030194801537	0.398
>100	0.0	0.0
>500	0.0	0.0
>1k	0.0	0.0
>5k	0.0	0.0
>10k+	0.0	0.0
>>END_MODULE
>>Overrepresented sequences	pass
>>END_MODULE
>>Adapter Content	pass
#Position	Illumina Universal Adapter	Illumina Small RNA 3' Adapter	Illumina Small RNA 5' Adapter	Nextera Transposase Sequence	SOLID Small RNA Adapter
1	0.0	0.0	0.0	0.0	0.0
2	0.0	0.0	0.0	0.0	0.0
3	0.0	0.0	0.0	0.0	0.0
4	0.0	0.0	0.0	0.0	0.0
5	0.0	0.0	0.0	0.0	0.0
6	0.0	0.0	0.0	0.0	0.0
7	0.0	0.0	0.0	0.0	0.0
8	0.0	0.0	0.0	0.0	0.0
9	0.0	0.0	0.0	0.0	0.0
10-11	0.0	0.0	0.0	0.0	0.0
12-13	0.0	0.0	0.0	0.0	0.0
14-15	0.0	0.0	0.0	0.0	0.0
16-17	0.0	0.0	0.0	0.0	0.0
18-19	0.0	0.0	0.0	0.0	0.0
20-21	0.0	0.0	0.0	0.0	0.0
22-23	0.0	0.0	0.0	0.0	0.0
24-25	0.0	0.0	0.0	0.0	0.0
26-27	0.0	0.0	0.0	0.0	0.0
28-29	0.0	0.0	0.0	0.0	0.0
30-31	0.0	0.0	0.0	0.0	0.0
32-33	0.0	0.0	0.0	0.0	0.0
34-35	0.0	0.0	0.0	0.0	0.0
36-37	0.0	0.0	0.0	0.0	0.0
38-39	0.0	0.0	0.0	0.0	0.0
40-41	0.0	0.0	0.0	0.0	0.0
42-43	0.0	0.0	0.0	0.0	0.0
44-45	0.0	0.0	0.0	0.0	0.0
46-47	0.0	0.0	0.0	0.0	0.0
48-49	0.0	0.0	0.0	0.0	0.0
50-51	0.0	0.0	0.0	0.0	0.0
52-53	0.0	0.0	0.0	0.0	0.0
54-55	0.0	0.0	0.0	0.0	0.0
56-57	0.0	0.0	0.0	0.0	0.0
58-59	0.0	0.0	0.0	0.0	0.0
60-61	0.0	0.0	0.0	0.0	0.0
62-63	0.0	0.0	0.0	0.0	0.0
64-65	0.0	0.0	0.0	0.0	0.0
66-67	0.0	0.0	0.0	0.0	0.0
68-69	0.0	0.0	0.0	0.0	0.0
70-71	0.0	0.0	0.0	0.0	0.0
72-73	0.0	0.0	0.0	0.0	0.0
74-75	0.0	0.0	0.0	0.0	0.0
76-77	0.0	0.0	0.0	0.0	0.0
78-79	0.0	0.0	0.0	0.0	0.0
80-81	0.0	0.0	0.0	0.0	0.0
82-83	0.0	0.0	0.0	0.0	0.0
84-85	0.0	0.0	0.0	0.0	0.0
86-87	0.0	0.0	0.0	0.0	0.0
88-89	0.0	0.0	0.0	0.0	0.0
>>END_MODULE
