##FastQC	0.11.9
>>Basic Statistics	pass
#Measure	Value
Filename	Tco-622_1.fq.gz
File type	Conventional base calls
Encoding	Sanger / Illumina 1.9
Total Sequences	100000
Sequences flagged as poor quality	0
Sequence length	100
%GC	50
>>END_MODULE
>>Per base sequence quality	pass
#Base	Mean	Median	Lower Quartile	Upper Quartile	10th Percentile	90th Percentile
1	34.83816	37.0	35.0	37.0	29.0	37.0
2	35.21425	37.0	36.0	37.0	30.0	38.0
3	35.39263	37.0	36.0	37.0	31.0	38.0
4	35.43773	37.0	36.0	37.0	31.0	38.0
5	35.42499	37.0	36.0	37.0	31.0	38.0
6	35.42718	37.0	36.0	37.0	31.0	38.0
7	35.54127	37.0	36.0	37.0	31.0	38.0
8	35.50111	37.0	36.0	37.0	31.0	38.0
9	35.48957	37.0	36.0	37.0	31.0	38.0
10-11	35.44462	37.0	36.0	37.0	31.0	38.0
12-13	35.535155	37.0	36.0	37.0	31.5	38.0
14-15	35.494745	37.0	36.0	37.0	31.0	38.0
16-17	35.412715000000006	37.0	36.0	37.0	31.0	38.0
18-19	35.42111	37.0	36.0	37.0	31.0	38.0
20-21	35.441745	37.0	36.0	37.0	31.0	38.0
22-23	35.405415000000005	37.0	36.0	37.0	31.0	38.0
24-25	35.40709	37.0	36.0	37.0	31.0	38.0
26-27	35.420109999999994	37.0	36.0	37.0	31.0	38.0
28-29	35.425085	37.0	36.0	37.0	31.0	38.0
30-31	35.384495	37.0	36.0	37.0	31.0	38.0
32-33	35.36353	37.0	36.0	37.0	31.0	38.0
34-35	35.378735000000006	37.0	36.0	37.0	31.0	38.0
36-37	35.406405	37.0	36.0	37.0	31.0	38.0
38-39	35.34871	37.0	36.0	37.0	31.0	38.0
40-41	35.33192	37.0	36.0	37.0	31.0	38.0
42-43	35.35659	37.0	36.0	37.0	31.0	38.0
44-45	35.326350000000005	37.0	36.0	37.0	31.0	38.0
46-47	35.34646	37.0	36.0	37.0	31.0	38.0
48-49	35.311274999999995	37.0	36.0	37.0	31.0	38.0
50-51	35.209055	37.0	36.0	37.0	30.5	38.0
52-53	35.21916	37.0	36.0	37.0	30.0	38.0
54-55	35.207989999999995	37.0	36.0	37.0	30.0	38.0
56-57	35.18457	37.0	35.5	37.0	30.0	38.0
58-59	35.192499999999995	37.0	35.5	37.0	30.5	38.0
60-61	35.14752	37.0	35.0	37.0	30.0	38.0
62-63	35.150495	37.0	35.0	37.0	30.0	38.0
64-65	35.095839999999995	37.0	35.0	37.0	30.0	38.0
66-67	35.100975000000005	37.0	35.0	37.0	30.0	38.0
68-69	35.076065	37.0	35.0	37.0	30.0	38.0
70-71	35.023915	37.0	35.0	37.0	30.0	38.0
72-73	34.997794999999996	37.0	35.0	37.0	30.0	38.0
74-75	34.903485	37.0	35.0	37.0	29.0	38.0
76-77	34.880714999999995	37.0	35.0	37.0	29.0	38.0
78-79	34.863445	37.0	35.0	37.0	29.0	38.0
80-81	34.81146	37.0	35.0	37.0	29.0	38.0
82-83	34.748909999999995	37.0	35.0	37.0	29.0	38.0
84-85	34.778555	37.0	35.0	37.0	29.0	38.0
86-87	34.712835	37.0	35.0	37.0	29.0	38.0
88-89	34.632235	37.0	35.0	37.0	28.5	38.0
90-91	34.5951	37.0	35.0	37.0	28.0	38.0
92-93	34.53428	37.0	34.5	37.0	28.0	38.0
94-95	34.493965	37.0	34.0	37.0	28.0	38.0
96-97	34.446020000000004	37.0	34.0	37.0	28.0	38.0
98-99	34.370675000000006	37.0	34.0	37.0	28.0	38.0
100	34.35331	37.0	34.0	37.0	28.0	38.0
>>END_MODULE
>>Per sequence quality scores	pass
#Quality	Count
22	10.0
23	62.0
24	116.0
25	282.0
26	405.0
27	727.0
28	1222.0
29	1706.0
30	2483.0
31	3321.0
32	4407.0
33	6186.0
34	9373.0
35	18530.0
36	47130.0
37	4040.0
>>END_MODULE
>>Per base sequence content	fail
#Base	G	A	T	C
1	43.561	11.355	9.605	35.479
2	28.677000000000003	17.928	34.534	18.861
3	25.389	21.493000000000002	22.256999999999998	30.861
4	29.304000000000002	29.286	20.129	21.281
5	25.323	30.714999999999996	23.432	20.53
6	21.273	33.803	25.532	19.392
7	20.547	17.339	39.565	22.549
8	24.037	22.314999999999998	27.356	26.291999999999998
9	23.156	21.565	29.096	26.183
10-11	25.3185	29.677500000000002	21.343999999999998	23.66
12-13	24.3365	23.3245	27.694499999999998	24.6445
14-15	24.141000000000002	25.2975	26.552999999999997	24.008499999999998
16-17	25.1415	25.094	25.592	24.1725
18-19	25.054	25.1155	25.1355	24.695
20-21	25.2515	25.2365	25.034499999999998	24.4775
22-23	25.3005	25.111	25.0365	24.552
24-25	25.31	25.165	25.093	24.432000000000002
26-27	25.1705	25.0845	25.3005	24.444499999999998
28-29	25.302999999999997	24.9495	25.093500000000002	24.654
30-31	25.313000000000002	24.9285	24.931	24.8275
32-33	25.044499999999996	25.268	25.045	24.642500000000002
34-35	25.53	24.801000000000002	24.931	24.738
36-37	25.1155	25.024	25.167499999999997	24.693
38-39	25.1475	24.857499999999998	25.1965	24.7985
40-41	25.128	24.7405	25.1845	24.947
42-43	25.05	24.740000000000002	25.311	24.898999999999997
44-45	25.144	24.976499999999998	25.0255	24.854000000000003
46-47	25.326999999999998	24.939	24.95	24.784
48-49	25.038	24.9875	25.017	24.9575
50-51	24.966	24.793499999999998	25.1415	25.099
52-53	25.467000000000002	24.6945	25.084	24.7545
54-55	25.037	24.627499999999998	25.1285	25.207
56-57	25.0605	24.6995	25.275	24.965
58-59	25.410500000000003	24.602	25.072	24.915499999999998
60-61	25.0865	24.7535	25.040499999999998	25.1195
62-63	25.0315	24.6025	25.31	25.056
64-65	25.34	24.625	25.155	24.88
66-67	25.296999999999997	24.657999999999998	24.9555	25.089499999999997
68-69	25.205	24.6655	25.253999999999998	24.8755
70-71	25.2855	24.4715	25.172	25.070999999999998
72-73	25.271	24.4975	25.1	25.131500000000003
74-75	25.112499999999997	24.329	25.253500000000003	25.305
76-77	25.2015	24.4665	25.3595	24.9725
78-79	25.214	24.4135	25.223000000000003	25.149500000000003
80-81	25.0255	24.7105	25.2925	24.9715
82-83	25.316	24.4715	25.075999999999997	25.1365
84-85	24.912	24.3895	25.5015	25.197000000000003
86-87	24.711	24.874499999999998	25.289	25.125500000000002
88-89	25.0295	24.718	24.948500000000003	25.304
90-91	25.0625	24.697	24.881	25.3595
92-93	25.0055	24.5545	25.337500000000002	25.1025
94-95	25.368000000000002	24.6125	24.826999999999998	25.192500000000003
96-97	25.3185	24.6965	24.916	25.069000000000003
98-99	25.045	24.9495	25.135999999999996	24.8695
100	25.543	24.545	24.921	24.991
>>END_MODULE
>>Per sequence GC content	pass
#GC Content	Count
0	0.0
1	0.0
2	0.0
3	0.0
4	0.0
5	0.0
6	0.0
7	0.0
8	0.0
9	0.0
10	0.5
11	0.5
12	0.5
13	0.5
14	1.5
15	2.5
16	1.5
17	2.5
18	6.5
19	11.0
20	12.0
21	15.5
22	29.5
23	40.5
24	44.5
25	56.0
26	85.5
27	134.5
28	181.0
29	243.5
30	314.5
31	378.0
32	476.5
33	611.0
34	745.0
35	921.5
36	1116.5
37	1293.5
38	1468.5
39	1690.5
40	1948.0
41	2194.5
42	2518.5
43	2851.5
44	3116.5
45	3438.5
46	3663.0
47	3965.0
48	4376.0
49	4583.0
50	4739.0
51	4846.0
52	4787.0
53	4681.5
54	4618.0
55	4469.5
56	4197.5
57	3901.0
58	3642.5
59	3332.0
60	2972.0
61	2564.0
62	2163.5
63	1755.0
64	1351.5
65	1038.5
66	774.0
67	553.0
68	387.0
69	259.0
70	159.5
71	102.0
72	59.5
73	37.5
74	24.5
75	15.0
76	8.0
77	4.0
78	7.0
79	6.5
80	2.5
81	1.0
82	0.5
83	0.0
84	0.5
85	0.5
86	0.0
87	0.0
88	0.0
89	0.0
90	0.0
91	0.0
92	0.0
93	0.0
94	0.0
95	0.0
96	0.0
97	0.0
98	0.0
99	0.0
100	0.0
>>END_MODULE
>>Per base N content	pass
#Base	N-Count
1	0.0
2	0.0
3	0.0
4	0.0
5	0.0
6	0.0
7	0.0
8	0.0
9	0.0
10-11	0.0
12-13	0.0
14-15	0.0
16-17	0.0
18-19	0.0
20-21	0.0
22-23	0.0
24-25	0.0
26-27	0.0
28-29	0.0
30-31	0.0
32-33	0.0
34-35	0.0
36-37	0.0
38-39	0.0
40-41	0.0
42-43	0.0
44-45	0.0
46-47	0.0
48-49	0.0
50-51	0.0
52-53	0.0
54-55	0.0
56-57	0.0
58-59	0.0
60-61	0.0
62-63	0.0
64-65	0.0
66-67	0.0
68-69	0.0
70-71	0.0
72-73	0.0
74-75	0.0
76-77	0.0
78-79	0.0
80-81	0.0
82-83	0.0
84-85	0.0
86-87	0.0
88-89	0.0
90-91	0.0
92-93	0.0
94-95	0.0
96-97	0.0
98-99	0.0
100	0.0
>>END_MODULE
>>Sequence Length Distribution	pass
#Length	Count
100	100000.0
>>END_MODULE
>>Sequence Duplication Levels	pass
#Total Deduplicated Percentage	90.104
#Duplication Level	Percentage of deduplicated	Percentage of total
1	93.85709846399716	84.569
2	4.641303382757702	8.364
3	0.7280475894521886	1.968
4	0.2841161324691468	1.024
5	0.15204652401669183	0.685
6	0.08323714818432033	0.44999999999999996
7	0.05549143212288022	0.35000000000000003
8	0.04661280298321939	0.336
9	0.02219657284915209	0.18
>10	0.12541063659770932	1.8190000000000002
>50	0.004439314569830419	0.255
>100	0.0	0.0
>500	0.0	0.0
>1k	0.0	0.0
>5k	0.0	0.0
>10k+	0.0	0.0
>>END_MODULE
>>Overrepresented sequences	pass
>>END_MODULE
>>Adapter Content	pass
#Position	Illumina Universal Adapter	Illumina Small RNA 3' Adapter	Illumina Small RNA 5' Adapter	Nextera Transposase Sequence	SOLID Small RNA Adapter
1	0.0	0.0	0.0	0.0	0.0
2	0.0	0.0	0.0	0.0	0.0
3	0.0	0.0	0.0	0.0	0.0
4	0.0	0.0	0.0	0.0	0.0
5	0.0	0.0	0.0	0.0	0.0
6	0.0	0.0	0.0	0.0	0.0
7	0.0	0.0	0.0	0.0	0.0
8	0.0	0.0	0.0	0.0	0.0
9	0.0	0.0	0.0	0.0	0.0
10-11	0.0	0.0	0.0	0.0	0.0
12-13	0.0	0.0	0.0	0.0	0.0
14-15	0.0	0.0	0.0	0.0	0.0
16-17	0.0	0.0	0.0	0.0	0.0
18-19	0.0	0.0	0.0	0.0	0.0
20-21	0.0	0.0	0.0	0.0	0.0
22-23	0.0	0.0	0.0	0.0	0.0
24-25	0.0	0.0	0.0	0.0	0.0
26-27	0.0	0.0	0.0	0.0	0.0
28-29	0.0	0.0	0.0	0.0	0.0
30-31	0.0	0.0	0.0	0.0	0.0
32-33	0.0	0.0	0.0	0.0	0.0
34-35	0.0	0.0	0.0	0.0	0.0
36-37	0.0	0.0	0.0	0.0	0.0
38-39	0.0	0.0	0.0	0.0	0.0
40-41	0.0	0.0	0.0	0.0	0.0
42-43	0.0	0.0	0.0	0.0	0.0
44-45	0.0	0.0	0.0	0.0	0.0
46-47	0.0	0.0	0.0	0.0	0.0
48-49	0.0	0.0	0.0	0.0	0.0
50-51	0.0	0.0	0.0	0.0	0.0
52-53	0.0	0.0	0.0	0.0	0.0
54-55	0.0	0.0	0.0	0.0	0.0
56-57	0.0	0.0	0.0	0.0	0.0
58-59	0.0	0.0	0.0	0.0	0.0
60-61	0.0	0.0	0.0	0.0	0.0
62-63	0.0	0.0	0.0	0.0	0.0
64-65	0.0	0.0	0.0	0.0	0.0
66-67	0.0	0.0	0.0	0.0	0.0
68-69	0.0	0.0	0.0	0.0	0.0
70-71	0.0	0.0	0.0	0.0	0.0
72-73	0.0	0.0	0.0	0.0	0.0
74-75	0.0	0.0	0.0	0.0	0.0
76-77	0.0	0.0	0.0	0.0	0.0
78-79	0.0	0.0	0.0	0.0	0.0
80-81	0.0	0.0	0.0	0.0	0.0
82-83	0.0	0.0	0.0	0.0	0.0
84-85	0.0	0.0	0.0	0.0	0.0
86-87	0.0	0.0	0.0	0.0	0.0
88-89	0.0	0.0	0.0	0.0	0.0
>>END_MODULE
