##FastQC	0.11.9
>>Basic Statistics	pass
#Measure	Value
Filename	Tco-613_2.fq.gz
File type	Conventional base calls
Encoding	Sanger / Illumina 1.9
Total Sequences	100000
Sequences flagged as poor quality	0
Sequence length	100
%GC	50
>>END_MODULE
>>Per base sequence quality	pass
#Base	Mean	Median	Lower Quartile	Upper Quartile	10th Percentile	90th Percentile
1	35.28459	37.0	36.0	37.0	31.0	38.0
2	35.34326	37.0	36.0	37.0	31.0	38.0
3	35.46959	37.0	36.0	37.0	32.0	38.0
4	35.46769	37.0	36.0	37.0	31.0	38.0
5	35.39678	37.0	36.0	37.0	31.0	38.0
6	35.33119	37.0	36.0	37.0	31.0	38.0
7	35.32719	37.0	36.0	37.0	31.0	38.0
8	35.41554	37.0	36.0	37.0	31.0	38.0
9	35.33576	37.0	36.0	37.0	31.0	38.0
10-11	35.33073	37.0	36.0	37.0	31.0	38.0
12-13	35.334165	37.0	36.0	37.0	31.0	38.0
14-15	35.302505	37.0	36.0	37.0	31.0	38.0
16-17	35.307995000000005	37.0	36.0	37.0	31.0	38.0
18-19	35.274125	37.0	36.0	37.0	31.0	38.0
20-21	35.198359999999994	37.0	36.0	37.0	31.0	38.0
22-23	35.200965	37.0	36.0	37.0	30.5	38.0
24-25	35.218050000000005	37.0	36.0	37.0	31.0	38.0
26-27	35.158975	37.0	36.0	37.0	30.0	38.0
28-29	35.120255	37.0	35.5	37.0	30.0	38.0
30-31	35.08182	37.0	35.0	37.0	30.0	38.0
32-33	35.0603	37.0	35.0	37.0	30.0	38.0
34-35	35.038920000000005	37.0	35.0	37.0	30.0	38.0
36-37	34.99334	37.0	35.0	37.0	30.0	38.0
38-39	34.936544999999995	37.0	35.0	37.0	30.0	38.0
40-41	34.920305	37.0	35.0	37.0	29.5	38.0
42-43	34.85523499999999	37.0	35.0	37.0	29.0	38.0
44-45	34.800200000000004	37.0	35.0	37.0	29.0	38.0
46-47	34.790885	37.0	35.0	37.0	29.0	38.0
48-49	34.682835	37.0	35.0	37.0	29.0	38.0
50-51	34.69884	37.0	35.0	37.0	29.0	38.0
52-53	34.620015	37.0	35.0	37.0	28.5	38.0
54-55	34.58889	37.0	35.0	37.0	28.0	38.0
56-57	34.510865	37.0	34.5	37.0	28.0	38.0
58-59	34.48518	37.0	34.0	37.0	28.0	38.0
60-61	34.396325000000004	37.0	34.0	37.0	28.0	38.0
62-63	34.305025	37.0	34.0	37.0	27.0	38.0
64-65	34.268275	37.0	34.0	37.0	27.0	38.0
66-67	34.273025000000004	37.0	34.0	37.0	27.0	38.0
68-69	34.119384999999994	37.0	34.0	37.0	27.0	38.0
70-71	34.084385	37.0	34.0	37.0	27.0	38.0
72-73	34.03614	37.0	34.0	37.0	26.5	38.0
74-75	33.98827	37.0	34.0	37.0	26.0	38.0
76-77	33.846379999999996	37.0	33.0	37.0	26.0	38.0
78-79	33.782695000000004	37.0	33.0	37.0	26.0	38.0
80-81	33.665859999999995	37.0	33.0	37.0	25.0	38.0
82-83	33.650235	36.5	33.0	37.0	25.0	38.0
84-85	33.57336	36.0	33.0	37.0	25.0	38.0
86-87	33.42557	36.0	32.5	37.0	24.5	38.0
88-89	33.385155	36.0	32.5	37.0	24.5	38.0
90-91	33.26951	36.0	32.0	37.0	24.0	38.0
92-93	33.163035	36.0	32.0	37.0	24.0	38.0
94-95	33.140995000000004	36.0	32.0	37.0	23.5	38.0
96-97	33.035759999999996	36.0	32.0	37.0	23.0	38.0
98-99	32.861284999999995	36.0	31.5	37.0	23.0	38.0
100	32.80636	36.0	31.0	37.0	23.0	38.0
>>END_MODULE
>>Per sequence quality scores	pass
#Quality	Count
21	16.0
22	107.0
23	309.0
24	625.0
25	835.0
26	1109.0
27	1383.0
28	1733.0
29	2198.0
30	2861.0
31	3661.0
32	5269.0
33	7648.0
34	12553.0
35	23639.0
36	34335.0
37	1719.0
>>END_MODULE
>>Per base sequence content	fail
#Base	G	A	T	C
1	41.528999999999996	12.095	8.506	37.87
2	28.804999999999996	17.615	35.0	18.58
3	24.022	21.617	22.637999999999998	31.723000000000003
4	28.712	29.837999999999997	20.256	21.194
5	25.572	30.528	23.624000000000002	20.276
6	21.490000000000002	32.772	25.980999999999998	19.756999999999998
7	20.435	17.243	39.531	22.791
8	23.713	21.775	28.104000000000003	26.407999999999998
9	23.956	21.23	29.432000000000002	25.381999999999998
10-11	25.82	29.394	20.916999999999998	23.869
12-13	24.8355	23.448	27.029999999999998	24.6865
14-15	24.3355	25.461499999999997	26.089499999999997	24.1135
16-17	25.6595	24.704	25.411	24.2255
18-19	25.0735	25.099	25.031	24.796499999999998
20-21	25.6645	25.337500000000002	24.77	24.227999999999998
22-23	25.478499999999997	25.64	24.6175	24.264
24-25	25.2505	25.1155	24.6625	24.9715
26-27	25.078	25.557999999999996	25.093	24.271
28-29	25.659	24.8975	24.637999999999998	24.8055
30-31	25.563999999999997	25.2085	24.5185	24.709
32-33	25.4245	25.334	24.38	24.8615
34-35	25.3685	25.514	24.3735	24.744
36-37	25.365	25.2525	24.771	24.6115
38-39	25.003999999999998	25.301499999999997	24.765	24.929499999999997
40-41	25.643	25.237	24.299	24.820999999999998
42-43	25.4865	25.073	24.549000000000003	24.8915
44-45	25.514	25.026	24.698500000000003	24.7615
46-47	25.4865	24.934	24.871499999999997	24.708
48-49	25.642	24.8035	24.444	25.110500000000002
50-51	25.22	25.0055	24.998	24.776500000000002
52-53	25.628	24.935	24.26	25.177
54-55	25.581	24.986	24.346999999999998	25.086000000000002
56-57	25.2395	25.284000000000002	24.6495	24.826999999999998
58-59	25.4885	25.005	24.6315	24.875
60-61	25.405	24.993000000000002	24.6785	24.9235
62-63	25.323	24.9015	24.807499999999997	24.968
64-65	25.5415	24.976000000000003	24.587500000000002	24.895
66-67	25.843500000000002	24.516	24.6595	24.981
68-69	25.502999999999997	25.0	24.7365	24.7605
70-71	25.8565	24.653	24.4305	25.06
72-73	25.661	24.488	24.6045	25.2465
74-75	25.4195	24.5865	24.945500000000003	25.0485
76-77	25.766499999999997	24.552	24.7825	24.898999999999997
78-79	25.619500000000002	24.847	24.624499999999998	24.909
80-81	25.2145	24.956999999999997	24.6445	25.184
82-83	25.7525	25.012	24.3965	24.839
84-85	25.6695	24.5895	24.707	25.034
86-87	25.343	24.611	24.9555	25.0905
88-89	25.5865	24.654999999999998	24.884500000000003	24.874
90-91	25.458	24.7075	24.811	25.0235
92-93	25.448500000000003	24.691499999999998	24.8675	24.9925
94-95	25.686500000000002	24.8405	24.195	25.278
96-97	25.7745	24.5865	24.334500000000002	25.3045
98-99	25.9105	24.947	24.1235	25.019000000000002
100	26.273000000000003	24.512999999999998	24.054000000000002	25.16
>>END_MODULE
>>Per sequence GC content	pass
#GC Content	Count
0	0.0
1	0.0
2	0.0
3	0.0
4	0.0
5	0.0
6	0.0
7	0.0
8	0.0
9	0.0
10	0.0
11	0.0
12	0.0
13	0.5
14	1.0
15	2.0
16	2.0
17	1.0
18	1.5
19	3.5
20	9.0
21	14.5
22	20.0
23	28.0
24	40.0
25	50.5
26	82.5
27	142.5
28	179.5
29	219.5
30	293.5
31	365.0
32	442.0
33	552.0
34	688.0
35	848.0
36	1026.5
37	1189.0
38	1366.0
39	1574.5
40	1803.0
41	2036.5
42	2315.5
43	2669.5
44	2937.5
45	3109.5
46	3474.0
47	3945.5
48	4442.0
49	4925.0
50	5138.0
51	5170.0
52	5054.5
53	4695.0
54	4513.5
55	4466.5
56	4254.0
57	4115.0
58	3951.5
59	3573.0
60	2988.0
61	2519.5
62	2113.0
63	1714.0
64	1401.5
65	1055.5
66	776.5
67	553.5
68	370.5
69	256.5
70	184.0
71	120.5
72	72.0
73	47.5
74	31.0
75	19.0
76	13.5
77	7.0
78	8.0
79	6.0
80	3.5
81	2.5
82	2.0
83	2.0
84	1.0
85	0.5
86	0.5
87	0.0
88	0.0
89	0.0
90	0.0
91	0.0
92	0.0
93	0.0
94	0.0
95	0.0
96	0.0
97	0.0
98	0.0
99	0.0
100	0.0
>>END_MODULE
>>Per base N content	pass
#Base	N-Count
1	0.0
2	0.0
3	0.0
4	0.0
5	0.0
6	0.0
7	0.0
8	0.0
9	0.0
10-11	0.0
12-13	0.0
14-15	0.0
16-17	0.0
18-19	0.0
20-21	0.0
22-23	0.0
24-25	0.0
26-27	0.0
28-29	0.0
30-31	0.0
32-33	0.0
34-35	0.0
36-37	0.0
38-39	0.0
40-41	0.0
42-43	0.0
44-45	0.0
46-47	0.0
48-49	0.0
50-51	0.0
52-53	0.0
54-55	0.0
56-57	0.0
58-59	0.0
60-61	0.0
62-63	0.0
64-65	0.0
66-67	0.0
68-69	0.0
70-71	0.0
72-73	0.0
74-75	0.0
76-77	0.0
78-79	0.0
80-81	0.0
82-83	0.0
84-85	0.0
86-87	0.0
88-89	0.0
90-91	0.0
92-93	0.0
94-95	0.0
96-97	0.0
98-99	0.0
100	0.0
>>END_MODULE
>>Sequence Length Distribution	pass
#Length	Count
100	100000.0
>>END_MODULE
>>Sequence Duplication Levels	pass
#Total Deduplicated Percentage	89.29899999999999
#Duplication Level	Percentage of deduplicated	Percentage of total
1	94.59344449545908	84.47099999999999
2	3.8421482883346956	6.862
3	0.619267852943482	1.659
4	0.31915251010649615	1.1400000000000001
5	0.1399791710993404	0.625
6	0.11310317024826706	0.606
7	0.06383050202129924	0.39899999999999997
8	0.05263216833335199	0.376
9	0.04703300148937838	0.378
>10	0.20268983975184493	3.082
>50	0.00671900021276834	0.402
>100	0.0	0.0
>500	0.0	0.0
>1k	0.0	0.0
>5k	0.0	0.0
>10k+	0.0	0.0
>>END_MODULE
>>Overrepresented sequences	pass
>>END_MODULE
>>Adapter Content	pass
#Position	Illumina Universal Adapter	Illumina Small RNA 3' Adapter	Illumina Small RNA 5' Adapter	Nextera Transposase Sequence	SOLID Small RNA Adapter
1	0.0	0.0	0.0	0.0	0.0
2	0.0	0.0	0.0	0.0	0.0
3	0.0	0.0	0.0	0.0	0.0
4	0.0	0.0	0.0	0.0	0.0
5	0.0	0.0	0.0	0.0	0.0
6	0.0	0.0	0.0	0.0	0.0
7	0.0	0.0	0.0	0.0	0.0
8	0.0	0.0	0.0	0.0	0.0
9	0.0	0.0	0.0	0.0	0.0
10-11	0.0	0.0	0.0	0.0	0.0
12-13	0.0	0.0	0.0	0.0	0.0
14-15	0.0	0.0	0.0	0.0	0.0
16-17	0.0	0.0	0.0	0.0	0.0
18-19	0.0	0.0	0.0	0.0	0.0
20-21	0.0	0.0	0.0	0.0	0.0
22-23	0.0	0.0	0.0	0.0	0.0
24-25	0.0	0.0	0.0	0.0	0.0
26-27	0.0	0.0	0.0	0.0	0.0
28-29	0.0	0.0	0.0	0.0	0.0
30-31	0.0	0.0	0.0	0.0	0.0
32-33	0.0	0.0	0.0	0.0	0.0
34-35	0.0	0.0	0.0	0.0	0.0
36-37	0.0	0.0	0.0	0.0	0.0
38-39	0.0	0.0	0.0	0.0	0.0
40-41	0.0	0.0	0.0	0.0	0.0
42-43	0.0	0.0	0.0	0.0	0.0
44-45	0.0	0.0	0.0	0.0	0.0
46-47	0.0	0.0	0.0	0.0	0.0
48-49	0.0	0.0	0.0	0.0	0.0
50-51	0.0	0.0	0.0	0.0	0.0
52-53	0.0	0.0	0.0	0.0	0.0
54-55	0.0	0.0	0.0	0.0	0.0
56-57	0.0	0.0	0.0	0.0	0.0
58-59	0.0	0.0	0.0	0.0	0.0
60-61	0.0	0.0	0.0	0.0	0.0
62-63	0.0	0.0	0.0	0.0	0.0
64-65	0.0	0.0	0.0	0.0	0.0
66-67	0.0	0.0	0.0	0.0	0.0
68-69	0.0	0.0	0.0	0.0	0.0
70-71	0.0	0.0	0.0	0.0	0.0
72-73	0.0	0.0	0.0	0.0	0.0
74-75	0.0	0.0	0.0	0.0	0.0
76-77	0.0	0.0	0.0	0.0	0.0
78-79	0.0	0.0	0.0	0.0	0.0
80-81	0.0	0.0	0.0	0.0	0.0
82-83	0.0	0.0	0.0	0.0	0.0
84-85	0.0	0.0	0.0	0.0	0.0
86-87	0.0	0.0	0.0	0.0	0.0
88-89	0.0	0.0	0.0	0.0	0.0
>>END_MODULE
