##FastQC	0.11.9
>>Basic Statistics	pass
#Measure	Value
Filename	Tco-949_2.fq.gz
File type	Conventional base calls
Encoding	Sanger / Illumina 1.9
Total Sequences	100000
Sequences flagged as poor quality	0
Sequence length	100
%GC	50
>>END_MODULE
>>Per base sequence quality	pass
#Base	Mean	Median	Lower Quartile	Upper Quartile	10th Percentile	90th Percentile
1	35.02619	37.0	35.0	37.0	30.0	37.0
2	35.04187	37.0	35.0	37.0	30.0	37.0
3	35.17326	37.0	36.0	37.0	30.0	37.0
4	35.17643	37.0	36.0	37.0	30.0	38.0
5	35.10313	37.0	35.0	37.0	30.0	38.0
6	34.9708	37.0	35.0	37.0	30.0	38.0
7	35.01561	37.0	35.0	37.0	30.0	37.0
8	35.09297	37.0	35.0	37.0	30.0	38.0
9	35.00895	37.0	35.0	37.0	30.0	38.0
10-11	35.003005	37.0	35.0	37.0	30.0	38.0
12-13	35.008855	37.0	35.0	37.0	30.0	38.0
14-15	34.947424999999996	37.0	35.0	37.0	30.0	38.0
16-17	34.93833	37.0	35.0	37.0	30.0	38.0
18-19	34.927350000000004	37.0	35.0	37.0	29.5	38.0
20-21	34.8317	37.0	35.0	37.0	29.0	38.0
22-23	34.820589999999996	37.0	35.0	37.0	29.0	38.0
24-25	34.80767	37.0	35.0	37.0	29.0	38.0
26-27	34.794200000000004	37.0	35.0	37.0	29.0	38.0
28-29	34.740745000000004	37.0	35.0	37.0	29.0	38.0
30-31	34.693740000000005	37.0	35.0	37.0	29.0	38.0
32-33	34.654849999999996	37.0	35.0	37.0	29.0	38.0
34-35	34.641975	37.0	35.0	37.0	28.5	38.0
36-37	34.584045	37.0	35.0	37.0	28.0	38.0
38-39	34.530765	37.0	35.0	37.0	28.0	38.0
40-41	34.506235000000004	37.0	34.5	37.0	28.0	38.0
42-43	34.438775	37.0	34.0	37.0	28.0	38.0
44-45	34.378885	37.0	34.0	37.0	28.0	38.0
46-47	34.340685	37.0	34.0	37.0	27.5	38.0
48-49	34.23983	37.0	34.0	37.0	27.0	38.0
50-51	34.216215	37.0	34.0	37.0	27.0	38.0
52-53	34.164959999999994	37.0	34.0	37.0	27.0	38.0
54-55	34.111615	37.0	34.0	37.0	27.0	38.0
56-57	34.036495	37.0	34.0	37.0	26.5	38.0
58-59	34.038135	37.0	34.0	37.0	26.5	38.0
60-61	33.912549999999996	37.0	33.5	37.0	26.0	38.0
62-63	33.793155	37.0	33.0	37.0	26.0	38.0
64-65	33.783024999999995	37.0	33.0	37.0	26.0	38.0
66-67	33.741	37.0	33.0	37.0	25.5	38.0
68-69	33.60358	37.0	33.0	37.0	25.0	38.0
70-71	33.544615	37.0	33.0	37.0	25.0	38.0
72-73	33.49526	36.0	33.0	37.0	25.0	38.0
74-75	33.449015	36.0	33.0	37.0	24.5	37.5
76-77	33.295445	36.0	32.0	37.0	24.0	37.5
78-79	33.25374	36.0	32.0	37.0	24.0	37.0
80-81	33.158770000000004	36.0	32.0	37.0	23.5	37.0
82-83	33.098485	36.0	32.0	37.0	23.5	37.0
84-85	32.953244999999995	36.0	32.0	37.0	23.0	37.0
86-87	32.84992	36.0	31.5	37.0	22.5	37.0
88-89	32.7662	36.0	31.0	37.0	22.0	37.0
90-91	32.648205000000004	36.0	31.0	37.0	22.0	37.0
92-93	32.5656	36.0	31.0	37.0	21.5	37.0
94-95	32.51225	36.0	31.0	37.0	21.5	37.0
96-97	32.367075	36.0	31.0	37.0	21.0	37.0
98-99	32.247135	36.0	30.0	37.0	21.0	37.0
100	32.17063	36.0	30.0	37.0	20.0	37.0
>>END_MODULE
>>Per sequence quality scores	pass
#Quality	Count
21	31.0
22	181.0
23	518.0
24	920.0
25	1252.0
26	1435.0
27	1835.0
28	2295.0
29	2858.0
30	3610.0
31	4692.0
32	6333.0
33	8789.0
34	13168.0
35	22079.0
36	28632.0
37	1372.0
>>END_MODULE
>>Per base sequence content	fail
#Base	G	A	T	C
1	42.4	11.802999999999999	8.6	37.197
2	29.792999999999996	17.309	34.116	18.782
3	24.42	21.111	21.961	32.507999999999996
4	28.564	29.355999999999998	20.427999999999997	21.651999999999997
5	25.659	30.205	23.741	20.395
6	21.214	33.190999999999995	26.082	19.512999999999998
7	20.395	17.666	39.359	22.58
8	23.785	22.297	28.055999999999997	25.862000000000002
9	23.119	21.618000000000002	29.749	25.514
10-11	25.2675	29.851	21.544	23.3375
12-13	24.725	23.653	27.134000000000004	24.488
14-15	24.2725	25.497500000000002	26.464	23.766000000000002
16-17	25.176	25.369999999999997	25.385999999999996	24.068
18-19	25.100499999999997	25.4295	25.180000000000003	24.29
20-21	25.224999999999998	25.443500000000004	25.1115	24.22
22-23	25.1885	25.663999999999998	24.678	24.4695
24-25	25.019999999999996	25.5415	24.8755	24.563
26-27	24.86	25.783499999999997	24.8395	24.517
28-29	25.2935	25.417	24.936	24.3535
30-31	25.249	25.663000000000004	24.621000000000002	24.467
32-33	25.0545	25.5375	24.69	24.718
34-35	25.44	25.375500000000002	24.487000000000002	24.6975
36-37	24.979000000000003	25.410500000000003	24.8	24.810499999999998
38-39	24.982	25.451	24.833	24.734
40-41	25.293	25.222499999999997	24.831	24.6535
42-43	25.239	25.142999999999997	24.9095	24.7085
44-45	25.203500000000002	25.210500000000003	24.919	24.667
46-47	25.2205	25.6175	24.5285	24.6335
48-49	25.3105	25.3155	24.529500000000002	24.8445
50-51	25.033	25.253500000000003	24.820500000000003	24.893
52-53	25.451	25.1695	24.642500000000002	24.737000000000002
54-55	25.0625	25.073	24.8255	25.039
56-57	25.1585	25.296000000000003	24.7955	24.75
58-59	25.28	25.167	24.8015	24.7515
60-61	25.066	25.047000000000004	24.766	25.121
62-63	25.169000000000004	25.208000000000002	24.725	24.898
64-65	25.4135	25.2505	24.6495	24.6865
66-67	25.216	25.027500000000003	24.5725	25.184
68-69	25.244	25.001	24.762	24.993000000000002
70-71	25.241000000000003	25.112499999999997	24.673000000000002	24.9735
72-73	25.339499999999997	24.91	24.653	25.0975
74-75	25.381999999999998	24.9635	24.7725	24.882
76-77	25.246000000000002	25.15	24.5385	25.0655
78-79	25.31	24.872	24.642	25.176
80-81	25.105499999999996	24.9075	24.8735	25.1135
82-83	25.447999999999997	24.912	24.7045	24.935499999999998
84-85	25.351000000000003	24.748	24.8	25.101000000000003
86-87	25.072499999999998	25.0255	24.851	25.051000000000002
88-89	25.5905	24.88	24.371499999999997	25.158
90-91	25.314500000000002	24.7445	24.679000000000002	25.262
92-93	25.163999999999998	24.8435	24.951	25.0415
94-95	25.5005	25.137999999999998	24.4615	24.9
96-97	25.532500000000002	24.933	24.705	24.8295
98-99	25.511499999999998	25.116500000000002	24.5735	24.7985
100	25.918000000000003	24.740000000000002	24.374000000000002	24.968
>>END_MODULE
>>Per sequence GC content	pass
#GC Content	Count
0	0.0
1	0.0
2	0.0
3	0.0
4	0.0
5	0.0
6	0.0
7	0.0
8	0.0
9	0.0
10	0.0
11	0.5
12	1.0
13	0.5
14	1.5
15	2.0
16	1.5
17	2.5
18	3.5
19	4.0
20	10.5
21	17.5
22	22.5
23	26.0
24	36.0
25	62.0
26	89.0
27	116.5
28	160.5
29	240.5
30	332.0
31	410.0
32	484.0
33	606.5
34	782.0
35	959.5
36	1160.5
37	1331.0
38	1527.5
39	1738.5
40	1945.5
41	2153.5
42	2482.0
43	2888.5
44	3157.0
45	3401.0
46	3651.5
47	4033.0
48	4370.0
49	4584.0
50	4813.5
51	4831.0
52	4742.5
53	4699.0
54	4576.5
55	4463.0
56	4210.5
57	3884.0
58	3567.0
59	3252.5
60	2940.0
61	2497.5
62	2081.0
63	1676.5
64	1312.0
65	1018.0
66	786.5
67	589.0
68	408.0
69	272.5
70	182.5
71	128.0
72	89.0
73	66.0
74	43.0
75	25.5
76	17.0
77	10.0
78	5.0
79	5.5
80	4.5
81	1.5
82	1.5
83	1.0
84	1.5
85	1.5
86	0.5
87	0.5
88	0.0
89	0.0
90	0.0
91	0.0
92	0.0
93	0.0
94	0.0
95	0.0
96	0.0
97	0.0
98	0.0
99	0.0
100	0.0
>>END_MODULE
>>Per base N content	pass
#Base	N-Count
1	0.0
2	0.0
3	0.0
4	0.0
5	0.0
6	0.0
7	0.0
8	0.0
9	0.0
10-11	0.0
12-13	0.0
14-15	0.0
16-17	0.0
18-19	0.0
20-21	0.0
22-23	0.0
24-25	0.0
26-27	0.0
28-29	0.0
30-31	0.0
32-33	0.0
34-35	0.0
36-37	0.0
38-39	0.0
40-41	0.0
42-43	0.0
44-45	0.0
46-47	0.0
48-49	0.0
50-51	0.0
52-53	0.0
54-55	0.0
56-57	0.0
58-59	0.0
60-61	0.0
62-63	0.0
64-65	0.0
66-67	0.0
68-69	0.0
70-71	0.0
72-73	0.0
74-75	0.0
76-77	0.0
78-79	0.0
80-81	0.0
82-83	0.0
84-85	0.0
86-87	0.0
88-89	0.0
90-91	0.0
92-93	0.0
94-95	0.0
96-97	0.0
98-99	0.0
100	0.0
>>END_MODULE
>>Sequence Length Distribution	pass
#Length	Count
100	100000.0
>>END_MODULE
>>Sequence Duplication Levels	pass
#Total Deduplicated Percentage	92.084
#Duplication Level	Percentage of deduplicated	Percentage of total
1	94.39424872942097	86.922
2	4.346031883932062	8.004
3	0.6602667130011728	1.8239999999999998
4	0.270405282133704	0.996
5	0.12922983363016377	0.5950000000000001
6	0.061900004343859956	0.34199999999999997
7	0.040180704574084534	0.259
8	0.02606315972373051	0.192
9	0.011945614873376482	0.099
>10	0.05972807436688242	0.767
>50	0.0	0.0
>100	0.0	0.0
>500	0.0	0.0
>1k	0.0	0.0
>5k	0.0	0.0
>10k+	0.0	0.0
>>END_MODULE
>>Overrepresented sequences	pass
>>END_MODULE
>>Adapter Content	pass
#Position	Illumina Universal Adapter	Illumina Small RNA 3' Adapter	Illumina Small RNA 5' Adapter	Nextera Transposase Sequence	SOLID Small RNA Adapter
1	0.0	0.0	0.0	0.0	0.0
2	0.0	0.0	0.0	0.0	0.0
3	0.0	0.0	0.0	0.0	0.0
4	0.0	0.0	0.0	0.0	0.0
5	0.0	0.0	0.0	0.0	0.0
6	0.0	0.0	0.0	0.0	0.0
7	0.0	0.0	0.0	0.0	0.0
8	0.0	0.0	0.0	0.0	0.0
9	0.0	0.0	0.0	0.0	0.0
10-11	0.0	0.0	0.0	0.0	0.0
12-13	0.0	0.0	0.0	0.0	0.0
14-15	0.0	0.0	0.0	0.0	0.0
16-17	0.0	0.0	0.0	0.0	0.0
18-19	0.0	0.0	0.0	0.0	0.0
20-21	0.0	0.0	0.0	0.0	0.0
22-23	0.0	0.0	0.0	0.0	0.0
24-25	0.0	0.0	0.0	0.0	0.0
26-27	0.0	0.0	0.0	0.0	0.0
28-29	0.0	0.0	0.0	0.0	0.0
30-31	0.0	0.0	0.0	0.0	0.0
32-33	0.0	0.0	0.0	0.0	0.0
34-35	0.0	0.0	0.0	0.0	0.0
36-37	0.0	0.0	0.0	0.0	0.0
38-39	0.0	0.0	0.0	0.0	0.0
40-41	0.0	0.0	0.0	0.0	0.0
42-43	0.0	0.0	0.0	0.0	0.0
44-45	0.0	0.0	0.0	0.0	0.0
46-47	0.0	0.0	0.0	0.0	0.0
48-49	0.0	0.0	0.0	0.0	0.0
50-51	0.0	0.0	0.0	0.0	0.0
52-53	0.0	0.0	0.0	0.0	0.0
54-55	0.0	0.0	0.0	0.0	0.0
56-57	0.0	0.0	0.0	0.0	0.0
58-59	0.0	0.0	0.0	0.0	0.0
60-61	0.0	0.0	0.0	0.0	0.0
62-63	0.0	0.0	0.0	0.0	0.0
64-65	0.0	0.0	0.0	0.0	0.0
66-67	0.0	0.0	0.0	0.0	0.0
68-69	0.0	0.0	0.0	0.0	0.0
70-71	0.0	0.0	0.0	0.0	0.0
72-73	0.0	0.0	0.0	0.0	0.0
74-75	0.0	0.0	0.0	0.0	0.0
76-77	0.0	0.0	0.0	0.0	0.0
78-79	0.0	0.0	0.0	0.0	0.0
80-81	0.0	0.0	0.0	0.0	0.0
82-83	0.0	0.0	0.0	0.0	0.0
84-85	0.0	0.0	0.0	0.0	0.0
86-87	0.0	0.0	0.0	0.0	0.0
88-89	0.0	0.0	0.0	0.0	0.0
>>END_MODULE
