##FastQC	0.11.9
>>Basic Statistics	pass
#Measure	Value
Filename	Tco-757_1.fq.gz
File type	Conventional base calls
Encoding	Sanger / Illumina 1.9
Total Sequences	100000
Sequences flagged as poor quality	0
Sequence length	100
%GC	49
>>END_MODULE
>>Per base sequence quality	pass
#Base	Mean	Median	Lower Quartile	Upper Quartile	10th Percentile	90th Percentile
1	34.78778	37.0	35.0	37.0	29.0	37.0
2	35.0993	37.0	35.0	37.0	30.0	38.0
3	35.33556	37.0	36.0	37.0	31.0	38.0
4	35.34838	37.0	36.0	37.0	31.0	38.0
5	35.38915	37.0	36.0	37.0	31.0	38.0
6	35.36889	37.0	36.0	37.0	31.0	38.0
7	35.43906	37.0	36.0	37.0	31.0	38.0
8	35.42315	37.0	36.0	37.0	31.0	38.0
9	35.44181	37.0	36.0	37.0	31.0	38.0
10-11	35.349685	37.0	36.0	37.0	31.0	38.0
12-13	35.466025	37.0	36.0	37.0	31.0	38.0
14-15	35.42026	37.0	36.0	37.0	31.0	38.0
16-17	35.338225	37.0	36.0	37.0	31.0	38.0
18-19	35.34234	37.0	36.0	37.0	31.0	38.0
20-21	35.36223	37.0	36.0	37.0	31.0	38.0
22-23	35.308495	37.0	36.0	37.0	31.0	38.0
24-25	35.343379999999996	37.0	36.0	37.0	31.0	38.0
26-27	35.295370000000005	37.0	36.0	37.0	31.0	38.0
28-29	35.373059999999995	37.0	36.0	37.0	31.0	38.0
30-31	35.288095	37.0	36.0	37.0	31.0	38.0
32-33	35.27583	37.0	36.0	37.0	31.0	38.0
34-35	35.28126	37.0	36.0	37.0	31.0	38.0
36-37	35.288735	37.0	36.0	37.0	31.0	38.0
38-39	35.264325	37.0	36.0	37.0	30.5	38.0
40-41	35.203505	37.0	36.0	37.0	30.5	38.0
42-43	35.253205	37.0	36.0	37.0	31.0	38.0
44-45	35.24593	37.0	36.0	37.0	31.0	38.0
46-47	35.258225	37.0	36.0	37.0	31.0	38.0
48-49	35.243555	37.0	36.0	37.0	30.5	38.0
50-51	35.114035	37.0	35.5	37.0	30.0	38.0
52-53	35.108540000000005	37.0	35.0	37.0	30.0	38.0
54-55	35.126940000000005	37.0	35.0	37.0	30.0	38.0
56-57	35.04585	37.0	35.0	37.0	30.0	38.0
58-59	35.11255	37.0	35.5	37.0	30.0	38.0
60-61	35.069154999999995	37.0	35.0	37.0	30.0	38.0
62-63	35.0887	37.0	35.0	37.0	30.0	38.0
64-65	35.0025	37.0	35.0	37.0	30.0	38.0
66-67	35.032174999999995	37.0	35.0	37.0	30.0	38.0
68-69	34.986125	37.0	35.0	37.0	30.0	38.0
70-71	34.907745	37.0	35.0	37.0	29.0	38.0
72-73	34.889825	37.0	35.0	37.0	29.0	38.0
74-75	34.811035000000004	37.0	35.0	37.0	29.0	38.0
76-77	34.796260000000004	37.0	35.0	37.0	29.0	38.0
78-79	34.79939	37.0	35.0	37.0	29.0	38.0
80-81	34.708290000000005	37.0	35.0	37.0	29.0	38.0
82-83	34.610395	37.0	35.0	37.0	28.5	38.0
84-85	34.661595	37.0	35.0	37.0	28.5	38.0
86-87	34.618539999999996	37.0	35.0	37.0	28.0	38.0
88-89	34.544725	37.0	35.0	37.0	28.0	38.0
90-91	34.50320000000001	37.0	34.5	37.0	28.0	38.0
92-93	34.41885499999999	37.0	34.0	37.0	28.0	38.0
94-95	34.394915	37.0	34.0	37.0	28.0	38.0
96-97	34.383735	37.0	34.0	37.0	28.0	38.0
98-99	34.297305	37.0	34.0	37.0	27.0	38.0
100	34.23526	37.0	34.0	37.0	27.0	38.0
>>END_MODULE
>>Per sequence quality scores	pass
#Quality	Count
20	1.0
21	1.0
22	8.0
23	62.0
24	160.0
25	296.0
26	485.0
27	856.0
28	1268.0
29	1843.0
30	2508.0
31	3478.0
32	4658.0
33	6311.0
34	9944.0
35	19602.0
36	44640.0
37	3879.0
>>END_MODULE
>>Per base sequence content	fail
#Base	G	A	T	C
1	40.792	12.379999999999999	8.868	37.96
2	27.916	18.314	36.635	17.135
3	23.108999999999998	21.861	23.555999999999997	31.474000000000004
4	27.088	30.446	21.279999999999998	21.186
5	24.467	31.034	24.392	20.107
6	20.134	33.565	26.903	19.398
7	19.964000000000002	17.266000000000002	40.239999999999995	22.53
8	23.237	21.935	28.658	26.169999999999998
9	22.944	20.963	30.208000000000002	25.885
10-11	24.9075	29.689	21.6095	23.794
12-13	24.2515	23.3305	27.802	24.616
14-15	23.885	25.538	26.703500000000002	23.8735
16-17	24.862000000000002	24.8305	25.944499999999998	24.363
18-19	24.9285	25.246000000000002	25.47	24.3555
20-21	25.064999999999998	25.266	25.405	24.264
22-23	25.1275	25.244	25.159	24.4695
24-25	24.865499999999997	25.287	25.306	24.5415
26-27	24.7505	25.4905	25.380000000000003	24.379
28-29	24.826500000000003	25.1155	25.509500000000003	24.5485
30-31	24.8175	25.234499999999997	25.3295	24.618499999999997
32-33	24.834500000000002	25.177500000000002	25.289	24.698999999999998
34-35	25.1765	25.253999999999998	24.981	24.5885
36-37	25.008999999999997	24.983	25.345000000000002	24.663
38-39	24.645500000000002	25.209500000000002	25.519	24.626
40-41	25.343500000000002	24.8125	25.2075	24.6365
42-43	25.0425	24.688499999999998	25.227500000000003	25.0415
44-45	25.026500000000002	24.973	25.521	24.4795
46-47	25.067	25.205	25.14	24.587999999999997
48-49	24.7535	25.0975	25.2695	24.8795
50-51	24.778	25.028	25.3305	24.8635
52-53	25.2305	24.94	25.148	24.6815
54-55	24.9285	24.675	25.221	25.1755
56-57	24.865000000000002	24.9585	25.308000000000003	24.868499999999997
58-59	24.776	25.057000000000002	25.363000000000003	24.804000000000002
60-61	25.130999999999997	24.6745	25.217499999999998	24.977
62-63	24.8255	24.8505	25.545	24.779
64-65	25.002000000000002	24.8645	25.267	24.8665
66-67	25.039	24.571	25.237	25.153
68-69	25.032500000000002	24.7695	25.360500000000002	24.837500000000002
70-71	25.2465	24.5565	25.4095	24.7875
72-73	25.016	24.4485	25.246000000000002	25.289499999999997
74-75	24.958	24.605	25.480000000000004	24.956999999999997
76-77	25.198999999999998	24.6005	25.289	24.9115
78-79	24.8395	24.689	25.2625	25.209
80-81	24.746499999999997	24.651	25.717000000000002	24.8855
82-83	24.9405	24.8755	25.3195	24.8645
84-85	24.807000000000002	24.624	25.451	25.118000000000002
86-87	24.968	24.6945	25.3055	25.032
88-89	25.051000000000002	24.6705	25.3	24.9785
90-91	24.990499999999997	24.6725	25.158	25.179000000000002
92-93	24.6995	24.6505	25.572499999999998	25.077500000000004
94-95	25.104	24.675	25.298	24.923000000000002
96-97	24.929000000000002	24.6565	25.1725	25.241999999999997
98-99	25.094	24.862000000000002	25.239	24.805
100	25.173000000000002	24.69	25.184	24.953
>>END_MODULE
>>Per sequence GC content	pass
#GC Content	Count
0	0.0
1	0.5
2	0.5
3	0.0
4	0.0
5	0.0
6	0.5
7	1.0
8	1.0
9	0.5
10	0.5
11	0.5
12	1.5
13	1.5
14	2.0
15	5.0
16	3.5
17	5.0
18	9.0
19	9.5
20	13.5
21	23.0
22	29.0
23	45.0
24	67.5
25	85.5
26	122.0
27	158.5
28	203.5
29	279.5
30	352.5
31	429.5
32	536.0
33	646.0
34	774.0
35	979.0
36	1181.0
37	1355.0
38	1544.0
39	1734.0
40	1950.5
41	2232.0
42	2579.0
43	2894.0
44	3195.0
45	3510.5
46	3831.5
47	4177.5
48	4498.5
49	4741.5
50	4874.5
51	4901.5
52	4828.5
53	4654.5
54	4539.5
55	4477.0
56	4237.0
57	3868.0
58	3484.5
59	3100.5
60	2782.0
61	2391.5
62	1946.0
63	1549.0
64	1194.5
65	927.5
66	715.0
67	492.5
68	280.0
69	191.5
70	139.5
71	81.0
72	49.5
73	30.5
74	19.5
75	13.5
76	9.0
77	4.0
78	1.5
79	1.0
80	1.0
81	0.5
82	1.0
83	1.0
84	1.0
85	1.0
86	0.5
87	0.0
88	0.0
89	0.0
90	0.0
91	0.0
92	0.0
93	0.0
94	0.0
95	0.0
96	0.0
97	0.0
98	0.0
99	0.0
100	0.0
>>END_MODULE
>>Per base N content	pass
#Base	N-Count
1	0.0
2	0.0
3	0.0
4	0.0
5	0.0
6	0.0
7	0.0
8	0.0
9	0.0
10-11	0.0
12-13	0.0
14-15	0.0
16-17	0.0
18-19	0.0
20-21	0.0
22-23	0.0
24-25	0.0
26-27	0.0
28-29	0.0
30-31	0.0
32-33	0.0
34-35	0.0
36-37	0.0
38-39	0.0
40-41	0.0
42-43	0.0
44-45	0.0
46-47	0.0
48-49	0.0
50-51	0.0
52-53	0.0
54-55	0.0
56-57	0.0
58-59	0.0
60-61	0.0
62-63	0.0
64-65	0.0
66-67	0.0
68-69	0.0
70-71	0.0
72-73	0.0
74-75	0.0
76-77	0.0
78-79	0.0
80-81	0.0
82-83	0.0
84-85	0.0
86-87	0.0
88-89	0.0
90-91	0.0
92-93	0.0
94-95	0.0
96-97	0.0
98-99	0.0
100	0.0
>>END_MODULE
>>Sequence Length Distribution	pass
#Length	Count
100	100000.0
>>END_MODULE
>>Sequence Duplication Levels	pass
#Total Deduplicated Percentage	92.679
#Duplication Level	Percentage of deduplicated	Percentage of total
1	94.83162312929574	87.889
2	4.009538298859504	7.4319999999999995
3	0.6441588709416373	1.791
4	0.22982552681837307	0.852
5	0.09818837061254437	0.455
6	0.06042361268464269	0.336
7	0.028053820175012678	0.182
8	0.02589583400770401	0.192
9	0.012947917003852005	0.108
>10	0.05934461960098835	0.763
>50	0.0	0.0
>100	0.0	0.0
>500	0.0	0.0
>1k	0.0	0.0
>5k	0.0	0.0
>10k+	0.0	0.0
>>END_MODULE
>>Overrepresented sequences	pass
>>END_MODULE
>>Adapter Content	pass
#Position	Illumina Universal Adapter	Illumina Small RNA 3' Adapter	Illumina Small RNA 5' Adapter	Nextera Transposase Sequence	SOLID Small RNA Adapter
1	0.0	0.0	0.0	0.0	0.0
2	0.0	0.0	0.0	0.0	0.0
3	0.0	0.0	0.0	0.0	0.0
4	0.0	0.0	0.0	0.0	0.0
5	0.0	0.0	0.0	0.0	0.0
6	0.0	0.0	0.0	0.0	0.0
7	0.0	0.0	0.0	0.0	0.0
8	0.0	0.0	0.0	0.0	0.0
9	0.0	0.0	0.0	0.0	0.0
10-11	0.0	0.0	0.0	0.0	0.0
12-13	0.0	0.0	0.0	0.0	0.0
14-15	0.0	0.0	0.0	0.0	0.0
16-17	0.0	0.0	0.0	0.0	0.0
18-19	0.0	0.0	0.0	0.0	0.0
20-21	0.0	0.0	0.0	0.0	0.0
22-23	0.0	0.0	0.0	0.0	0.0
24-25	0.0	0.0	0.0	0.0	0.0
26-27	0.0	0.0	0.0	0.0	0.0
28-29	0.0	0.0	0.0	0.0	0.0
30-31	0.0	0.0	0.0	0.0	0.0
32-33	0.0	0.0	0.0	0.0	0.0
34-35	0.0	0.0	0.0	0.0	0.0
36-37	0.0	0.0	0.0	0.0	0.0
38-39	0.0	0.0	0.0	0.0	0.0
40-41	0.0	0.0	0.0	0.0	0.0
42-43	0.0	0.0	0.0	0.0	0.0
44-45	0.0	0.0	0.0	0.0	0.0
46-47	0.0	0.0	0.0	0.0	0.0
48-49	0.0	0.0	0.0	0.0	0.0
50-51	0.0	0.0	0.0	0.0	0.0
52-53	0.0	0.0	0.0	0.0	0.0
54-55	0.0	0.0	0.0	0.0	0.0
56-57	0.0	0.0	0.0	0.0	0.0
58-59	0.0	0.0	0.0	0.0	0.0
60-61	0.0	0.0	0.0	0.0	0.0
62-63	0.0	5.0E-4	0.0	0.0	0.0
64-65	0.0	0.001	0.0	0.0	0.0
66-67	0.0	0.001	0.0	0.0	0.0
68-69	0.0	0.001	0.0	0.0	0.0
70-71	0.0	0.001	0.0	0.0	0.0
72-73	0.0	0.001	0.0	0.0	0.0
74-75	0.0	0.001	0.0	0.0	0.0
76-77	0.0	0.001	0.0	0.0	0.0
78-79	0.0	0.001	0.0	0.0	0.0
80-81	0.0	0.001	0.0	0.0	0.0
82-83	0.0	0.001	0.0	0.0	0.0
84-85	0.0	0.001	0.0	0.0	0.0
86-87	0.0	0.001	0.0	0.0	0.0
88-89	0.0	0.001	0.0	0.0	0.0
>>END_MODULE
