##FastQC	0.11.9
>>Basic Statistics	pass
#Measure	Value
Filename	Tco-182_1.fq.gz
File type	Conventional base calls
Encoding	Sanger / Illumina 1.9
Total Sequences	100000
Sequences flagged as poor quality	0
Sequence length	100
%GC	49
>>END_MODULE
>>Per base sequence quality	pass
#Base	Mean	Median	Lower Quartile	Upper Quartile	10th Percentile	90th Percentile
1	35.02137	37.0	35.0	37.0	30.0	37.0
2	35.11267	37.0	35.0	37.0	30.0	38.0
3	34.93165	37.0	35.0	37.0	30.0	38.0
4	35.34713	37.0	36.0	37.0	31.0	38.0
5	35.36135	37.0	36.0	37.0	31.0	38.0
6	35.37469	37.0	36.0	37.0	31.0	38.0
7	35.42672	37.0	36.0	37.0	31.0	38.0
8	35.40335	37.0	36.0	37.0	31.0	38.0
9	35.37784	37.0	36.0	37.0	31.0	38.0
10-11	35.337255	37.0	36.0	37.0	31.0	38.0
12-13	35.40531	37.0	36.0	37.0	31.0	38.0
14-15	35.369654999999995	37.0	36.0	37.0	31.0	38.0
16-17	35.306650000000005	37.0	36.0	37.0	31.0	38.0
18-19	35.308490000000006	37.0	36.0	37.0	31.0	38.0
20-21	35.284220000000005	37.0	36.0	37.0	31.0	38.0
22-23	35.27373	37.0	36.0	37.0	31.0	38.0
24-25	35.27363	37.0	36.0	37.0	31.0	38.0
26-27	35.26662	37.0	36.0	37.0	31.0	38.0
28-29	35.25618	37.0	36.0	37.0	31.0	38.0
30-31	35.242705	37.0	36.0	37.0	31.0	38.0
32-33	35.20337	37.0	35.5	37.0	30.5	38.0
34-35	35.257865	37.0	36.0	37.0	31.0	38.0
36-37	35.18257	37.0	35.5	37.0	30.5	38.0
38-39	35.201679999999996	37.0	36.0	37.0	30.5	38.0
40-41	35.17235	37.0	35.0	37.0	30.0	38.0
42-43	35.154515	37.0	35.5	37.0	30.0	38.0
44-45	35.146675	37.0	35.0	37.0	30.0	38.0
46-47	35.13694	37.0	35.0	37.0	30.0	38.0
48-49	35.095955000000004	37.0	35.0	37.0	30.0	38.0
50-51	35.020435	37.0	35.0	37.0	30.0	38.0
52-53	34.992805000000004	37.0	35.0	37.0	30.0	38.0
54-55	34.96843	37.0	35.0	37.0	30.0	38.0
56-57	34.946200000000005	37.0	35.0	37.0	29.5	38.0
58-59	34.920199999999994	37.0	35.0	37.0	29.5	38.0
60-61	34.884460000000004	37.0	35.0	37.0	29.0	38.0
62-63	34.862385	37.0	35.0	37.0	29.0	38.0
64-65	34.859925	37.0	35.0	37.0	29.0	38.0
66-67	34.810005000000004	37.0	35.0	37.0	29.0	38.0
68-69	34.770035	37.0	35.0	37.0	29.0	38.0
70-71	34.709175	37.0	35.0	37.0	29.0	38.0
72-73	34.70393	37.0	35.0	37.0	29.0	38.0
74-75	34.609030000000004	37.0	35.0	37.0	28.0	38.0
76-77	34.482870000000005	37.0	34.0	37.0	28.0	38.0
78-79	34.538825	37.0	35.0	37.0	28.0	38.0
80-81	34.51163	37.0	34.5	37.0	28.0	38.0
82-83	34.485695	37.0	34.0	37.0	28.0	38.0
84-85	34.420845	37.0	34.0	37.0	28.0	38.0
86-87	34.386174999999994	37.0	34.0	37.0	27.5	38.0
88-89	34.30199	37.0	34.0	37.0	27.5	38.0
90-91	34.26898	37.0	34.0	37.0	27.0	38.0
92-93	34.229659999999996	37.0	34.0	37.0	27.0	38.0
94-95	34.09823	37.0	34.0	37.0	26.5	38.0
96-97	34.14412	37.0	34.0	37.0	27.0	38.0
98-99	34.023495	37.0	34.0	37.0	26.5	38.0
100	33.98268	37.0	34.0	37.0	26.0	38.0
>>END_MODULE
>>Per sequence quality scores	pass
#Quality	Count
21	2.0
22	23.0
23	70.0
24	157.0
25	310.0
26	595.0
27	994.0
28	1378.0
29	1995.0
30	2778.0
31	3795.0
32	5093.0
33	7049.0
34	10433.0
35	19633.0
36	42057.0
37	3638.0
>>END_MODULE
>>Per base sequence content	fail
#Base	G	A	T	C
1	41.655	12.372	9.103	36.870000000000005
2	28.026	18.615000000000002	35.835	17.524
3	23.948	22.192	23.006	30.854
4	28.014	30.557000000000002	20.468	20.961
5	24.454	30.977	24.238	20.331
6	20.781	33.173	26.93	19.116
7	19.822	17.141000000000002	39.953	23.084
8	23.669	21.948999999999998	28.102	26.279999999999998
9	22.942	21.304000000000002	29.970999999999997	25.783
10-11	25.0	29.557	21.668000000000003	23.775
12-13	24.2835	23.363999999999997	27.8155	24.537
14-15	24.0	25.19	26.686500000000002	24.1235
16-17	25.1205	24.926499999999997	25.7995	24.1535
18-19	25.019000000000002	24.973	25.496999999999996	24.511
20-21	25.241999999999997	25.2415	25.3355	24.181
22-23	25.208000000000002	25.501	25.032	24.259
24-25	24.9415	25.4955	25.177	24.386
26-27	24.712500000000002	25.564500000000002	25.4195	24.3035
28-29	24.8855	25.2865	25.411	24.417
30-31	25.054	25.1815	25.323	24.441499999999998
32-33	24.813499999999998	25.4295	25.354	24.403
34-35	25.115	25.041999999999998	25.3845	24.4585
36-37	24.903	25.0745	25.465	24.557499999999997
38-39	24.708	25.211	25.523	24.558
40-41	25.284499999999998	24.799	25.288500000000003	24.628
42-43	24.874499999999998	24.9495	25.546499999999998	24.6295
44-45	24.746499999999997	25.2205	25.383499999999998	24.6495
46-47	25.036	25.430500000000002	25.195	24.3385
48-49	25.086000000000002	24.892500000000002	25.2505	24.771
50-51	24.7195	25.105	25.4215	24.754
52-53	25.2335	24.919	25.212	24.6355
54-55	24.8595	24.9575	25.358999999999998	24.823999999999998
56-57	24.7835	25.0415	25.355	24.82
58-59	25.099500000000003	24.906	25.276500000000002	24.718
60-61	24.9175	24.981	25.3725	24.729
62-63	24.754	24.9405	25.4035	24.901999999999997
64-65	25.052000000000003	24.926499999999997	25.362499999999997	24.659
66-67	25.0075	24.712	25.4265	24.854000000000003
68-69	24.8885	24.7375	25.6575	24.7165
70-71	25.128	24.7185	25.405	24.7485
72-73	25.160500000000003	24.4745	25.268	25.097
74-75	24.948	24.828	25.4245	24.7995
76-77	25.0145	24.8305	25.241000000000003	24.914
78-79	24.7725	24.975	25.2575	24.995
80-81	24.787	24.9665	25.4165	24.83
82-83	24.97	24.814	25.384	24.832
84-85	24.795	24.749	25.16	25.296000000000003
86-87	24.6995	24.804499999999997	25.389	25.107000000000003
88-89	25.0	24.826999999999998	25.235000000000003	24.938
90-91	24.8625	24.6135	25.330000000000002	25.194
92-93	24.609	24.847	25.643500000000003	24.9005
94-95	24.924	24.9305	25.2125	24.933
96-97	24.948999999999998	24.845	25.157	25.049
98-99	24.765	24.8385	25.3645	25.032
100	25.365	24.695	24.846	25.094
>>END_MODULE
>>Per sequence GC content	pass
#GC Content	Count
0	0.0
1	0.0
2	0.0
3	0.5
4	0.5
5	0.5
6	0.5
7	0.0
8	1.5
9	1.5
10	0.0
11	0.0
12	1.0
13	3.5
14	3.0
15	0.5
16	2.0
17	5.0
18	7.0
19	10.0
20	12.5
21	19.0
22	29.5
23	46.5
24	62.5
25	79.0
26	118.5
27	172.5
28	210.0
29	278.5
30	396.5
31	499.0
32	596.0
33	711.5
34	859.0
35	1070.0
36	1290.0
37	1454.0
38	1622.5
39	1804.0
40	2052.0
41	2374.0
42	2661.5
43	2902.5
44	3180.5
45	3474.5
46	3802.5
47	4072.0
48	4276.5
49	4547.5
50	4763.5
51	4729.0
52	4617.5
53	4485.5
54	4383.5
55	4350.0
56	4044.5
57	3708.0
58	3449.0
59	3172.0
60	2876.0
61	2457.0
62	2013.0
63	1649.5
64	1304.5
65	996.0
66	756.0
67	544.0
68	354.0
69	218.0
70	145.5
71	97.0
72	59.5
73	34.5
74	24.5
75	15.0
76	10.5
77	10.5
78	8.5
79	5.0
80	2.5
81	2.0
82	1.5
83	1.0
84	0.5
85	0.0
86	0.0
87	0.0
88	0.0
89	0.0
90	0.0
91	0.0
92	0.0
93	0.0
94	0.0
95	0.0
96	0.0
97	0.0
98	0.0
99	0.0
100	0.0
>>END_MODULE
>>Per base N content	pass
#Base	N-Count
1	0.0
2	0.0
3	0.0
4	0.0
5	0.0
6	0.0
7	0.0
8	0.0
9	0.0
10-11	0.0
12-13	0.0
14-15	0.0
16-17	0.0
18-19	0.0
20-21	0.0
22-23	0.0
24-25	0.0
26-27	0.0
28-29	0.0
30-31	0.0
32-33	0.0
34-35	0.0
36-37	0.0
38-39	0.0
40-41	0.0
42-43	0.0
44-45	0.0
46-47	0.0
48-49	0.0
50-51	0.0
52-53	0.0
54-55	0.0
56-57	0.0
58-59	0.0
60-61	0.0
62-63	0.0
64-65	0.0
66-67	0.0
68-69	0.0
70-71	0.0
72-73	0.0
74-75	0.0
76-77	0.0
78-79	0.0
80-81	0.0
82-83	0.0
84-85	0.0
86-87	0.0
88-89	0.0
90-91	0.0
92-93	0.0
94-95	0.0
96-97	0.0
98-99	0.0
100	0.0
>>END_MODULE
>>Sequence Length Distribution	pass
#Length	Count
100	100000.0
>>END_MODULE
>>Sequence Duplication Levels	pass
#Total Deduplicated Percentage	89.776
#Duplication Level	Percentage of deduplicated	Percentage of total
1	93.17523614328996	83.649
2	5.149483158082338	9.246
3	0.8443236499732668	2.274
4	0.36423988593833545	1.308
5	0.15594368205310996	0.7000000000000001
6	0.07908572446979148	0.426
7	0.050124754945642495	0.315
8	0.04121368739975049	0.296
9	0.027847086080912496	0.22499999999999998
>10	0.11027446088041348	1.426
>50	0.0022277668864729996	0.135
>100	0.0	0.0
>500	0.0	0.0
>1k	0.0	0.0
>5k	0.0	0.0
>10k+	0.0	0.0
>>END_MODULE
>>Overrepresented sequences	pass
>>END_MODULE
>>Adapter Content	pass
#Position	Illumina Universal Adapter	Illumina Small RNA 3' Adapter	Illumina Small RNA 5' Adapter	Nextera Transposase Sequence	SOLID Small RNA Adapter
1	0.0	0.0	0.0	0.0	0.0
2	0.0	0.0	0.0	0.0	0.0
3	0.0	0.0	0.0	0.0	0.0
4	0.0	0.0	0.0	0.0	0.0
5	0.0	0.0	0.0	0.0	0.0
6	0.0	0.0	0.0	0.0	0.0
7	0.0	0.0	0.0	0.0	0.0
8	0.0	0.0	0.0	0.0	0.0
9	0.0	0.0	0.0	0.0	0.0
10-11	0.0	0.0	0.0	0.0	0.0
12-13	0.0	0.0	0.0	0.0	0.0
14-15	0.0	0.0	0.0	0.0	0.0
16-17	0.0	0.0	0.0	0.0	0.0
18-19	0.0	0.0	0.0	0.0	0.0
20-21	0.0	0.0	0.0	0.0	0.0
22-23	0.0	0.0	0.0	0.0	0.0
24-25	0.0	0.0	0.0	0.0	0.0
26-27	0.0	0.0	0.0	0.0	0.0
28-29	0.0	0.0	0.0	0.0	0.0
30-31	0.0	0.0	0.0	0.0	0.0
32-33	0.0	0.0	0.0	0.0	0.0
34-35	0.0	0.0	0.0	0.0	0.0
36-37	0.0	0.0	0.0	0.0	0.0
38-39	0.0	0.0	0.0	0.0	0.0
40-41	0.0	0.0	0.0	0.0	0.0
42-43	0.0	0.0	0.0	0.0	0.0
44-45	0.0	0.0	0.0	0.0	0.0
46-47	0.0	0.0	0.0	0.0	0.0
48-49	0.0	0.0	0.0	0.0	0.0
50-51	0.0	0.0	0.0	0.0	0.0
52-53	0.0	0.0	0.0	0.0	0.0
54-55	0.0	0.0	0.0	0.0	0.0
56-57	0.0	0.0	0.0	0.0	0.0
58-59	0.0	0.0	0.0	0.0	0.0
60-61	0.0	0.0	0.0	0.0	0.0
62-63	0.0	0.0	0.0	0.0	0.0
64-65	0.0	0.0	0.0	0.0	0.0
66-67	0.0	0.0	0.0	0.0	0.0
68-69	0.0	0.0	0.0	0.0	0.0
70-71	0.0	0.0	0.0	0.0	0.0
72-73	0.0	0.0	0.0	0.0	0.0
74-75	0.0	0.0	0.0	0.0	0.0
76-77	0.0	0.0	0.0	0.0	0.0
78-79	0.0	0.0	0.0	0.0	0.0
80-81	0.0	0.0	0.0	0.0	0.0
82-83	0.0	0.0	0.0	0.0	0.0
84-85	0.0	0.0	0.0	0.0	0.0
86-87	0.0	0.0	0.0	0.0	0.0
88-89	0.0	0.0	0.0	0.0	0.0
>>END_MODULE
