##FastQC	0.11.9
>>Basic Statistics	pass
#Measure	Value
Filename	Tco-851_2.fq.gz
File type	Conventional base calls
Encoding	Sanger / Illumina 1.9
Total Sequences	100000
Sequences flagged as poor quality	0
Sequence length	100
%GC	50
>>END_MODULE
>>Per base sequence quality	pass
#Base	Mean	Median	Lower Quartile	Upper Quartile	10th Percentile	90th Percentile
1	35.00813	37.0	35.0	37.0	30.0	37.0
2	35.07339	37.0	35.0	37.0	30.0	37.0
3	35.22954	37.0	36.0	37.0	31.0	37.0
4	35.20758	37.0	36.0	37.0	31.0	38.0
5	35.12951	37.0	35.0	37.0	30.0	38.0
6	35.03714	37.0	35.0	37.0	30.0	38.0
7	35.09754	37.0	35.0	37.0	30.0	38.0
8	35.1342	37.0	35.0	37.0	30.0	38.0
9	35.07223	37.0	35.0	37.0	30.0	38.0
10-11	35.060995000000005	37.0	35.0	37.0	30.0	38.0
12-13	35.090575	37.0	35.0	37.0	30.0	38.0
14-15	35.02088	37.0	35.0	37.0	30.0	38.0
16-17	35.01135	37.0	35.0	37.0	30.0	38.0
18-19	34.97721	37.0	35.0	37.0	30.0	38.0
20-21	34.917	37.0	35.0	37.0	29.5	38.0
22-23	34.913515000000004	37.0	35.0	37.0	29.5	38.0
24-25	34.909585	37.0	35.0	37.0	29.0	38.0
26-27	34.866265	37.0	35.0	37.0	29.0	38.0
28-29	34.812614999999994	37.0	35.0	37.0	29.0	38.0
30-31	34.78333	37.0	35.0	37.0	29.0	38.0
32-33	34.75374	37.0	35.0	37.0	29.0	38.0
34-35	34.73465	37.0	35.0	37.0	29.0	38.0
36-37	34.699065000000004	37.0	35.0	37.0	29.0	38.0
38-39	34.667435	37.0	35.0	37.0	29.0	38.0
40-41	34.591715	37.0	35.0	37.0	28.0	38.0
42-43	34.51936	37.0	35.0	37.0	28.0	38.0
44-45	34.465045	37.0	34.0	37.0	28.0	38.0
46-47	34.44255	37.0	34.0	37.0	28.0	38.0
48-49	34.32821	37.0	34.0	37.0	27.5	38.0
50-51	34.35646	37.0	34.0	37.0	28.0	38.0
52-53	34.271625	37.0	34.0	37.0	27.0	38.0
54-55	34.23204	37.0	34.0	37.0	27.0	38.0
56-57	34.171245	37.0	34.0	37.0	27.0	38.0
58-59	34.157925	37.0	34.0	37.0	27.0	38.0
60-61	34.024305	37.0	34.0	37.0	26.0	38.0
62-63	33.94465	37.0	34.0	37.0	26.0	38.0
64-65	33.939005	37.0	33.5	37.0	26.0	38.0
66-67	33.880534999999995	37.0	33.0	37.0	26.0	38.0
68-69	33.775145	37.0	33.0	37.0	25.5	38.0
70-71	33.68763	37.0	33.0	37.0	25.0	38.0
72-73	33.668265000000005	37.0	33.0	37.0	25.0	38.0
74-75	33.60646	37.0	33.0	37.0	25.0	38.0
76-77	33.49275	36.0	33.0	37.0	25.0	38.0
78-79	33.395145	36.0	33.0	37.0	24.0	38.0
80-81	33.329865	36.0	32.0	37.0	24.0	38.0
82-83	33.246135	36.0	32.0	37.0	24.0	37.0
84-85	33.135374999999996	36.0	32.0	37.0	23.5	37.5
86-87	33.02341	36.0	32.0	37.0	23.0	37.0
88-89	32.948539999999994	36.0	32.0	37.0	23.0	37.0
90-91	32.825385	36.0	31.0	37.0	22.5	37.0
92-93	32.77842	36.0	31.0	37.0	22.0	37.0
94-95	32.67862	36.0	31.0	37.0	22.0	37.0
96-97	32.57149	36.0	31.0	37.0	22.0	37.0
98-99	32.428335000000004	36.0	31.0	37.0	21.0	37.0
100	32.30125	36.0	30.0	37.0	21.0	37.0
>>END_MODULE
>>Per sequence quality scores	pass
#Quality	Count
21	33.0
22	173.0
23	451.0
24	801.0
25	1101.0
26	1314.0
27	1749.0
28	2199.0
29	2665.0
30	3446.0
31	4491.0
32	5978.0
33	8581.0
34	13120.0
35	22638.0
36	29701.0
37	1559.0
>>END_MODULE
>>Per base sequence content	fail
#Base	G	A	T	C
1	41.055	12.375	9.182	37.388
2	28.621999999999996	18.235	34.809	18.334
3	24.310000000000002	22.097	22.586000000000002	31.007
4	28.171000000000003	30.122	20.47	21.237000000000002
5	25.197000000000003	30.753999999999998	23.944	20.105
6	21.169	33.234	26.204	19.393
7	20.501	17.206	39.83	22.463
8	23.762	21.648	27.929	26.661
9	23.485	21.185000000000002	29.996000000000002	25.334
10-11	25.503500000000003	29.404000000000003	21.2105	23.882
12-13	25.002000000000002	23.496	27.028999999999996	24.473
14-15	24.264499999999998	25.6515	26.034499999999998	24.0495
16-17	25.565500000000004	24.8965	25.346000000000004	24.192
18-19	25.0715	25.171	25.0845	24.673000000000002
20-21	25.473499999999998	25.3595	24.979000000000003	24.188000000000002
22-23	25.366	25.617	24.672	24.345
24-25	25.0805	25.451	24.563499999999998	24.905
26-27	24.979000000000003	25.441000000000003	25.0255	24.5545
28-29	25.2145	25.2205	24.685000000000002	24.88
30-31	25.428	25.343500000000002	24.6095	24.619
32-33	25.083	25.405499999999996	24.459	25.0525
34-35	25.155	25.412499999999998	24.8145	24.618000000000002
36-37	25.1785	25.265500000000003	24.679000000000002	24.877
38-39	25.135999999999996	24.8615	24.9095	25.093
40-41	25.511	25.296000000000003	24.4805	24.712500000000002
42-43	25.223000000000003	24.971	24.786	25.019999999999996
44-45	25.143500000000003	25.3105	24.79	24.756
46-47	25.3685	25.179499999999997	24.7545	24.6975
48-49	25.2515	25.122	24.464	25.162499999999998
50-51	25.052000000000003	24.947	25.088	24.913
52-53	25.325999999999997	25.039499999999997	24.442	25.192500000000003
54-55	25.150499999999997	25.110500000000002	24.563	25.176
56-57	25.106	25.0925	24.8385	24.962999999999997
58-59	25.261	25.101000000000003	24.787	24.851
60-61	25.258999999999997	24.9135	24.624	25.203500000000002
62-63	25.100499999999997	25.0535	24.8725	24.9735
64-65	25.460500000000003	24.909	24.6565	24.974
66-67	25.430500000000002	25.073	24.395500000000002	25.101000000000003
68-69	25.3125	25.051000000000002	24.815	24.8215
70-71	25.372	24.844	24.7455	25.038500000000003
72-73	25.281	24.515	24.814	25.39
74-75	25.3115	24.948999999999998	24.7195	25.019999999999996
76-77	25.459500000000002	24.908	24.9285	24.704
78-79	25.406000000000002	25.125999999999998	24.648	24.82
80-81	25.253999999999998	24.975	24.740000000000002	25.031
82-83	25.518	24.9655	24.3355	25.180999999999997
84-85	25.473000000000003	24.8895	24.651500000000002	24.986
86-87	25.2635	24.7805	24.771	25.185000000000002
88-89	25.31	24.926000000000002	24.738	25.026
90-91	25.336	24.9885	24.6625	25.013
92-93	25.463	24.948	24.5645	25.0245
94-95	25.714	24.9505	24.187	25.148500000000002
96-97	25.566	24.948	24.2945	25.1915
98-99	25.5905	25.0	24.236	25.173499999999997
100	25.796999999999997	24.883	24.168	25.152
>>END_MODULE
>>Per sequence GC content	pass
#GC Content	Count
0	0.0
1	0.0
2	0.0
3	0.0
4	0.0
5	0.0
6	0.0
7	0.0
8	0.0
9	0.5
10	0.5
11	0.0
12	0.0
13	0.5
14	0.5
15	0.0
16	3.0
17	4.5
18	6.5
19	10.0
20	10.0
21	14.0
22	22.5
23	29.5
24	42.0
25	63.0
26	88.5
27	140.5
28	199.0
29	257.0
30	321.0
31	395.0
32	486.5
33	604.0
34	767.5
35	899.0
36	1060.5
37	1246.0
38	1397.0
39	1611.0
40	1907.0
41	2141.0
42	2353.0
43	2704.0
44	2989.5
45	3197.0
46	3482.0
47	3851.0
48	4438.5
49	4914.5
50	5067.5
51	5057.0
52	4955.0
53	4769.0
54	4495.5
55	4373.0
56	4206.5
57	3971.5
58	3900.0
59	3591.0
60	2996.5
61	2541.0
62	2072.5
63	1608.0
64	1292.0
65	976.0
66	754.5
67	577.5
68	393.5
69	265.0
70	168.5
71	104.5
72	63.0
73	47.0
74	31.5
75	19.0
76	13.5
77	9.5
78	7.5
79	4.5
80	3.5
81	2.0
82	2.5
83	1.5
84	0.5
85	0.0
86	1.0
87	1.0
88	0.0
89	0.0
90	0.0
91	0.0
92	0.0
93	0.0
94	0.0
95	0.0
96	0.0
97	0.0
98	0.0
99	0.0
100	0.0
>>END_MODULE
>>Per base N content	pass
#Base	N-Count
1	0.0
2	0.0
3	0.0
4	0.0
5	0.0
6	0.0
7	0.0
8	0.0
9	0.0
10-11	0.0
12-13	0.0
14-15	0.0
16-17	0.0
18-19	0.0
20-21	0.0
22-23	0.0
24-25	0.0
26-27	0.0
28-29	0.0
30-31	0.0
32-33	0.0
34-35	0.0
36-37	0.0
38-39	0.0
40-41	0.0
42-43	0.0
44-45	0.0
46-47	0.0
48-49	0.0
50-51	0.0
52-53	0.0
54-55	0.0
56-57	0.0
58-59	0.0
60-61	0.0
62-63	0.0
64-65	0.0
66-67	0.0
68-69	0.0
70-71	0.0
72-73	0.0
74-75	0.0
76-77	0.0
78-79	0.0
80-81	0.0
82-83	0.0
84-85	0.0
86-87	0.0
88-89	0.0
90-91	0.0
92-93	0.0
94-95	0.0
96-97	0.0
98-99	0.0
100	0.0
>>END_MODULE
>>Sequence Length Distribution	pass
#Length	Count
100	100000.0
>>END_MODULE
>>Sequence Duplication Levels	pass
#Total Deduplicated Percentage	88.102
#Duplication Level	Percentage of deduplicated	Percentage of total
1	93.85371501214502	82.687
2	4.539057002111189	7.997999999999999
3	0.6413021270799755	1.695
4	0.275816667045016	0.972
5	0.15663662572926834	0.69
6	0.12258518535334045	0.6479999999999999
7	0.06356268870173208	0.392
8	0.05788744863907743	0.40800000000000003
9	0.04313182447617534	0.34199999999999997
>10	0.2372250346189644	3.6189999999999998
>50	0.00908038410024744	0.549
>100	0.0	0.0
>500	0.0	0.0
>1k	0.0	0.0
>5k	0.0	0.0
>10k+	0.0	0.0
>>END_MODULE
>>Overrepresented sequences	pass
>>END_MODULE
>>Adapter Content	pass
#Position	Illumina Universal Adapter	Illumina Small RNA 3' Adapter	Illumina Small RNA 5' Adapter	Nextera Transposase Sequence	SOLID Small RNA Adapter
1	0.0	0.0	0.0	0.0	0.0
2	0.0	0.0	0.0	0.0	0.0
3	0.0	0.0	0.0	0.0	0.0
4	0.0	0.0	0.0	0.0	0.0
5	0.0	0.0	0.0	0.0	0.0
6	0.0	0.0	0.0	0.0	0.0
7	0.0	0.0	0.0	0.0	0.0
8	0.0	0.0	0.0	0.0	0.0
9	0.0	0.0	0.0	0.0	0.0
10-11	0.0	0.0	0.0	0.0	0.0
12-13	0.0	0.0	0.0	0.0	0.0
14-15	0.0	0.0	0.0	0.0	0.0
16-17	0.0	0.0	0.0	0.0	0.0
18-19	0.0	0.0	0.0	0.0	0.0
20-21	0.0	0.0	0.0	0.0	0.0
22-23	0.0	0.0	0.0	0.0	0.0
24-25	0.0	0.0	0.0	0.0	0.0
26-27	0.0	0.0	0.0	0.0	0.0
28-29	0.0	0.0	0.0	0.0	0.0
30-31	0.0	0.0	0.0	0.0	0.0
32-33	0.0	0.0	0.0	0.0	0.0
34-35	0.0	0.0	0.0	0.0	0.0
36-37	0.0	0.0	0.0	0.0	0.0
38-39	0.0	0.0	0.0	0.0	0.0
40-41	0.0	0.0	0.0	0.0	0.0
42-43	0.0	0.0	0.0	0.0	0.0
44-45	0.0	0.0	0.0	0.0	0.0
46-47	0.0	0.0	0.0	0.0	0.0
48-49	0.0	0.0	0.0	0.0	0.0
50-51	0.0	0.0	0.0	0.0	0.0
52-53	0.0	0.0	0.0	0.0	0.0
54-55	0.0	0.0	0.0	0.0	0.0
56-57	0.0	0.0	0.0	0.0	0.0
58-59	0.0	0.0	0.0	0.0	0.0
60-61	0.0	0.0	0.0	0.0	0.0
62-63	0.0	0.0	0.0	0.0	0.0
64-65	0.0	0.0	0.0	0.0	0.0
66-67	0.0	0.0	0.0	0.0	0.0
68-69	0.0	0.0	0.0	0.0	0.0
70-71	0.0	0.0	0.0	0.0	0.0
72-73	0.0	0.0	0.0	0.0	0.0
74-75	0.0	0.0	0.0	0.0	0.0
76-77	0.0	0.0	0.0	0.0	0.0
78-79	0.0	0.0	0.0	0.0	0.0
80-81	0.0	0.0	0.0	0.0	0.0
82-83	0.0	0.0	0.0	0.0	0.0
84-85	0.0	0.0	0.0	0.0	0.0
86-87	0.0	0.0	0.0	0.0	0.0
88-89	0.0	0.0	0.0	0.0	0.0
>>END_MODULE
