##FastQC	0.11.9
>>Basic Statistics	pass
#Measure	Value
Filename	Tco-964_2.fq.gz
File type	Conventional base calls
Encoding	Sanger / Illumina 1.9
Total Sequences	100000
Sequences flagged as poor quality	0
Sequence length	100
%GC	50
>>END_MODULE
>>Per base sequence quality	pass
#Base	Mean	Median	Lower Quartile	Upper Quartile	10th Percentile	90th Percentile
1	35.20554	37.0	36.0	37.0	31.0	37.0
2	35.13195	37.0	35.0	37.0	30.0	37.0
3	35.34441	37.0	36.0	37.0	31.0	38.0
4	35.3135	37.0	36.0	37.0	31.0	38.0
5	35.28925	37.0	36.0	37.0	31.0	38.0
6	35.06015	37.0	35.0	37.0	30.0	37.0
7	35.09982	37.0	35.0	37.0	30.0	37.0
8	35.18567	37.0	36.0	37.0	30.0	38.0
9	35.12465	37.0	35.0	37.0	30.0	38.0
10-11	35.117225000000005	37.0	35.5	37.0	30.5	38.0
12-13	35.152460000000005	37.0	35.0	37.0	30.0	38.0
14-15	35.135445000000004	37.0	35.0	37.0	30.0	38.0
16-17	35.069644999999994	37.0	35.0	37.0	30.0	38.0
18-19	35.087565	37.0	35.0	37.0	30.0	38.0
20-21	35.047875000000005	37.0	35.0	37.0	30.0	38.0
22-23	35.04338	37.0	35.0	37.0	30.0	38.0
24-25	34.997425	37.0	35.0	37.0	30.0	38.0
26-27	35.020520000000005	37.0	35.0	37.0	30.0	38.0
28-29	34.99266	37.0	35.0	37.0	30.0	38.0
30-31	34.87729	37.0	35.0	37.0	29.5	38.0
32-33	34.888130000000004	37.0	35.0	37.0	29.5	38.0
34-35	34.90402	37.0	35.0	37.0	29.5	38.0
36-37	34.879145	37.0	35.0	37.0	29.0	38.0
38-39	34.846485	37.0	35.0	37.0	29.0	38.0
40-41	34.805854999999994	37.0	35.0	37.0	29.0	38.0
42-43	34.7795	37.0	35.0	37.0	29.0	38.0
44-45	34.735335	37.0	35.0	37.0	29.0	38.0
46-47	34.633105	37.0	35.0	37.0	29.0	38.0
48-49	34.64754	37.0	35.0	37.0	29.0	38.0
50-51	34.61193	37.0	35.0	37.0	28.5	38.0
52-53	34.608575	37.0	35.0	37.0	28.5	38.0
54-55	34.574585	37.0	35.0	37.0	28.0	38.0
56-57	34.469785	37.0	34.0	37.0	28.0	38.0
58-59	34.534275	37.0	34.5	37.0	28.0	38.0
60-61	34.4196	37.0	34.0	37.0	28.0	38.0
62-63	34.375365	37.0	34.0	37.0	28.0	38.0
64-65	34.207555	37.0	34.0	37.0	27.0	38.0
66-67	34.27943500000001	37.0	34.0	37.0	27.0	38.0
68-69	34.284025	37.0	34.0	37.0	27.0	38.0
70-71	34.182755	37.0	34.0	37.0	27.0	38.0
72-73	34.141315000000006	37.0	34.0	37.0	27.0	38.0
74-75	34.05957	37.0	34.0	37.0	27.0	38.0
76-77	33.985025	37.0	33.5	37.0	26.5	38.0
78-79	33.914345	37.0	33.0	37.0	26.0	38.0
80-81	33.83795	37.0	33.0	37.0	26.0	38.0
82-83	33.774315	37.0	33.0	37.0	26.0	38.0
84-85	33.78635	37.0	33.0	37.0	26.0	38.0
86-87	33.63930499999999	36.5	33.0	37.0	25.0	38.0
88-89	33.58087999999999	36.0	33.0	37.0	25.0	38.0
90-91	33.472335	36.0	33.0	37.0	25.0	38.0
92-93	33.426535	36.0	32.0	37.0	24.5	38.0
94-95	33.374665	36.0	32.0	37.0	24.0	37.5
96-97	33.26083	36.0	32.0	37.0	24.0	37.5
98-99	33.27893	36.0	32.0	37.0	24.0	38.0
100	33.21957	36.0	32.0	37.0	24.0	38.0
>>END_MODULE
>>Per sequence quality scores	pass
#Quality	Count
20	1.0
21	18.0
22	120.0
23	348.0
24	606.0
25	821.0
26	1092.0
27	1334.0
28	1665.0
29	2146.0
30	2797.0
31	3887.0
32	5312.0
33	7866.0
34	12910.0
35	23775.0
36	33486.0
37	1816.0
>>END_MODULE
>>Per base sequence content	fail
#Base	G	A	T	C
1	39.231	12.839	7.832	40.098
2	29.025000000000002	17.704	36.03	17.241
3	22.688	21.605	23.515	32.192
4	27.037	30.808000000000003	21.018	21.137
5	24.686	30.919	24.315	20.080000000000002
6	20.438000000000002	33.182	26.968999999999998	19.411
7	20.254	17.312	39.913	22.521
8	23.183999999999997	22.159000000000002	28.322999999999997	26.334000000000003
9	23.334	21.183	29.901	25.582
10-11	25.349	29.7175	20.9365	23.997
12-13	24.57	23.499	27.084000000000003	24.847
14-15	24.1665	25.4375	26.2645	24.1315
16-17	25.222499999999997	25.291000000000004	25.1205	24.366
18-19	25.088500000000003	25.4035	24.8795	24.6285
20-21	25.3905	25.518	24.834	24.2575
22-23	25.3465	25.6655	24.520500000000002	24.4675
24-25	25.106	25.604	24.512	24.778
26-27	24.9835	25.6975	24.789	24.529999999999998
28-29	25.080000000000002	25.552500000000002	24.732499999999998	24.635
30-31	25.1115	25.406000000000002	24.6055	24.877
32-33	25.041999999999998	25.6475	24.57	24.7405
34-35	25.3405	25.3655	24.566499999999998	24.7275
36-37	25.122	25.385999999999996	24.661	24.831
38-39	24.864	25.571500000000004	24.807000000000002	24.7575
40-41	25.465	25.321500000000004	24.6175	24.596
42-43	25.1195	25.346999999999998	24.6315	24.901999999999997
44-45	25.1785	25.229000000000003	24.684	24.9085
46-47	25.282500000000002	25.4825	24.6845	24.5505
48-49	25.2025	25.332	24.5715	24.894
50-51	25.018	25.317	24.7755	24.8895
52-53	25.345499999999998	25.333	24.438	24.8835
54-55	25.293	25.0545	24.523500000000002	25.129
56-57	25.06	25.436999999999998	24.5095	24.993499999999997
58-59	25.279	25.389	24.606	24.726
60-61	25.313000000000002	25.1475	24.5195	25.019999999999996
62-63	25.316499999999998	25.239	24.568	24.8765
64-65	25.4825	25.373	24.4135	24.731
66-67	25.3255	24.9945	24.5345	25.1455
68-69	25.165	25.169000000000004	24.7365	24.929499999999997
70-71	25.243	25.035	24.598	25.124000000000002
72-73	25.241999999999997	24.9945	24.435000000000002	25.3285
74-75	25.3345	25.093	24.524	25.0485
76-77	25.5965	24.898999999999997	24.3455	25.159
78-79	25.319000000000003	24.833	24.6415	25.2065
80-81	25.2985	24.929499999999997	24.8705	24.9015
82-83	25.570500000000003	25.1225	24.498	24.809
84-85	25.346999999999998	24.894	24.586	25.173000000000002
86-87	25.100499999999997	25.154	24.5315	25.214
88-89	25.4085	25.064999999999998	24.4585	25.068
90-91	25.4905	24.8965	24.3705	25.2425
92-93	25.165	25.013999999999996	24.8115	25.009500000000003
94-95	25.352000000000004	25.1895	24.42	25.038500000000003
96-97	25.349	24.918499999999998	24.5285	25.203999999999997
98-99	25.277500000000003	25.013	24.793000000000003	24.9165
100	25.789	24.762	24.187	25.262
>>END_MODULE
>>Per sequence GC content	pass
#GC Content	Count
0	0.0
1	0.0
2	0.0
3	0.0
4	0.5
5	1.0
6	0.5
7	0.0
8	0.0
9	0.0
10	1.0
11	1.5
12	1.5
13	2.5
14	3.0
15	4.0
16	5.0
17	4.0
18	7.5
19	10.0
20	12.0
21	16.0
22	20.5
23	29.5
24	54.0
25	79.5
26	97.0
27	135.0
28	185.0
29	240.5
30	302.0
31	392.0
32	502.0
33	608.5
34	742.5
35	901.5
36	1101.5
37	1250.5
38	1397.5
39	1605.0
40	1843.0
41	2121.0
42	2412.5
43	2720.5
44	3030.5
45	3417.0
46	3824.0
47	4126.5
48	4387.5
49	4712.5
50	4886.5
51	4883.0
52	4884.0
53	4895.0
54	4755.5
55	4518.0
56	4252.0
57	3975.5
58	3726.5
59	3321.5
60	2888.0
61	2476.0
62	2026.5
63	1654.0
64	1314.0
65	971.0
66	706.5
67	507.5
68	359.5
69	253.0
70	165.0
71	98.5
72	65.0
73	43.5
74	24.5
75	16.0
76	9.5
77	5.0
78	3.0
79	0.5
80	1.5
81	2.0
82	1.0
83	0.5
84	0.5
85	1.0
86	0.5
87	0.0
88	0.0
89	0.0
90	0.0
91	0.0
92	0.0
93	0.0
94	0.0
95	0.0
96	0.0
97	0.0
98	0.0
99	0.0
100	0.0
>>END_MODULE
>>Per base N content	pass
#Base	N-Count
1	0.0
2	0.0
3	0.0
4	0.0
5	0.0
6	0.0
7	0.0
8	0.0
9	0.0
10-11	0.0
12-13	0.0
14-15	0.0
16-17	0.0
18-19	0.0
20-21	0.0
22-23	0.0
24-25	0.0
26-27	0.0
28-29	0.0
30-31	0.0
32-33	0.0
34-35	0.0
36-37	0.0
38-39	0.0
40-41	0.0
42-43	0.0
44-45	0.0
46-47	0.0
48-49	0.0
50-51	0.0
52-53	0.0
54-55	0.0
56-57	0.0
58-59	0.0
60-61	0.0
62-63	0.0
64-65	0.0
66-67	0.0
68-69	0.0
70-71	0.0
72-73	0.0
74-75	0.0
76-77	0.0
78-79	0.0
80-81	0.0
82-83	0.0
84-85	0.0
86-87	0.0
88-89	0.0
90-91	0.0
92-93	0.0
94-95	0.0
96-97	0.0
98-99	0.0
100	0.0
>>END_MODULE
>>Sequence Length Distribution	pass
#Length	Count
100	100000.0
>>END_MODULE
>>Sequence Duplication Levels	pass
#Total Deduplicated Percentage	92.828
#Duplication Level	Percentage of deduplicated	Percentage of total
1	94.7957512819408	87.997
2	4.038652130822597	7.498
3	0.6679019261429742	1.8599999999999999
4	0.24130650234842932	0.8959999999999999
5	0.10018528892144611	0.46499999999999997
6	0.04201318567673547	0.234
7	0.030163312793553665	0.196
8	0.022622484595165252	0.168
9	0.012927134054380144	0.108
>10	0.04847675270392554	0.5780000000000001
>50	0.0	0.0
>100	0.0	0.0
>500	0.0	0.0
>1k	0.0	0.0
>5k	0.0	0.0
>10k+	0.0	0.0
>>END_MODULE
>>Overrepresented sequences	pass
>>END_MODULE
>>Adapter Content	pass
#Position	Illumina Universal Adapter	Illumina Small RNA 3' Adapter	Illumina Small RNA 5' Adapter	Nextera Transposase Sequence	SOLID Small RNA Adapter
1	0.0	0.0	0.0	0.0	0.0
2	0.0	0.0	0.0	0.0	0.0
3	0.0	0.0	0.0	0.0	0.0
4	0.0	0.0	0.0	0.0	0.0
5	0.0	0.0	0.0	0.0	0.0
6	0.0	0.0	0.0	0.0	0.0
7	0.0	0.0	0.0	0.0	0.0
8	0.0	0.0	0.0	0.0	0.0
9	0.0	0.0	0.0	0.0	0.0
10-11	0.0	0.0	0.0	0.0	0.0
12-13	0.0	0.0	0.0	0.0	0.0
14-15	0.0	0.0	0.0	0.0	0.0
16-17	0.0	0.0	0.0	0.0	0.0
18-19	0.0	0.0	0.0	0.0	0.0
20-21	0.0	0.0	0.0	0.0	0.0
22-23	0.0	0.0	0.0	0.0	0.0
24-25	0.0	0.0	0.0	0.0	0.0
26-27	0.0	0.0	0.0	0.0	0.0
28-29	0.0	0.0	0.0	0.0	0.0
30-31	0.0	0.0	0.0	0.0	0.0
32-33	0.0	0.0	0.0	0.0	0.0
34-35	0.0	0.0	0.0	0.0	0.0
36-37	0.0	0.0	0.0	0.0	0.0
38-39	0.0	0.0	0.0	0.0	0.0
40-41	0.0	0.0	0.0	0.0	0.0
42-43	0.0	0.0	0.0	0.0	0.0
44-45	0.0	0.0	0.0	0.0	0.0
46-47	0.0	0.0	0.0	0.0	0.0
48-49	0.0	0.0	0.0	0.0	0.0
50-51	0.0	0.0	0.0	0.0	0.0
52-53	0.0	0.0	0.0	0.0	0.0
54-55	0.0	0.0	0.0	0.0	0.0
56-57	0.0	0.0	0.0	0.0	0.0
58-59	0.0	0.0	0.0	0.0	0.0
60-61	0.0	0.0	0.0	0.0	0.0
62-63	0.0	0.0	0.0	0.0	0.0
64-65	0.0	0.0	0.0	0.0	0.0
66-67	0.0	0.0	0.0	0.0	0.0
68-69	0.0	0.0	0.0	0.0	0.0
70-71	0.0	0.0	0.0	0.0	0.0
72-73	0.0	0.0	0.0	0.0	0.0
74-75	0.0	0.0	0.0	0.0	0.0
76-77	0.0	0.0	0.0	0.0	0.0
78-79	0.0	0.0	0.0	0.0	0.0
80-81	0.0	0.0	0.0	0.0	0.0
82-83	0.0	0.0	0.0	0.0	0.0
84-85	0.0	0.0	0.0	0.0	0.0
86-87	0.0	0.0	0.0	0.0	0.0
88-89	0.0	0.0	0.0	0.0	0.0
>>END_MODULE
