##FastQC	0.11.9
>>Basic Statistics	pass
#Measure	Value
Filename	Tco-362_1.fq.gz
File type	Conventional base calls
Encoding	Sanger / Illumina 1.9
Total Sequences	100000
Sequences flagged as poor quality	0
Sequence length	100
%GC	50
>>END_MODULE
>>Per base sequence quality	pass
#Base	Mean	Median	Lower Quartile	Upper Quartile	10th Percentile	90th Percentile
1	34.91596	37.0	35.0	37.0	29.0	37.0
2	35.18489	37.0	36.0	37.0	30.0	38.0
3	35.40811	37.0	36.0	37.0	31.0	38.0
4	35.42363	37.0	36.0	37.0	31.0	38.0
5	35.46006	37.0	36.0	37.0	31.0	38.0
6	35.47175	37.0	36.0	37.0	31.0	38.0
7	35.51181	37.0	36.0	37.0	31.0	38.0
8	35.46965	37.0	36.0	37.0	31.0	38.0
9	35.49262	37.0	36.0	37.0	31.0	38.0
10-11	35.40903	37.0	36.0	37.0	31.0	38.0
12-13	35.52224	37.0	36.0	37.0	31.0	38.0
14-15	35.49405	37.0	36.0	37.0	31.0	38.0
16-17	35.411964999999995	37.0	36.0	37.0	31.0	38.0
18-19	35.407865	37.0	36.0	37.0	31.0	38.0
20-21	35.434105	37.0	36.0	37.0	31.0	38.0
22-23	35.37675	37.0	36.0	37.0	31.0	38.0
24-25	35.425035	37.0	36.0	37.0	31.0	38.0
26-27	35.3625	37.0	36.0	37.0	31.0	38.0
28-29	35.426625	37.0	36.0	37.0	31.0	38.0
30-31	35.355990000000006	37.0	36.0	37.0	31.0	38.0
32-33	35.343905	37.0	36.0	37.0	31.0	38.0
34-35	35.36113	37.0	36.0	37.0	31.0	38.0
36-37	35.347409999999996	37.0	36.0	37.0	31.0	38.0
38-39	35.349135000000004	37.0	36.0	37.0	31.0	38.0
40-41	35.26021	37.0	36.0	37.0	30.5	38.0
42-43	35.312844999999996	37.0	36.0	37.0	31.0	38.0
44-45	35.29352	37.0	36.0	37.0	31.0	38.0
46-47	35.30566	37.0	36.0	37.0	31.0	38.0
48-49	35.276675	37.0	36.0	37.0	31.0	38.0
50-51	35.171475	37.0	35.5	37.0	30.0	38.0
52-53	35.170874999999995	37.0	36.0	37.0	30.0	38.0
54-55	35.170925	37.0	35.5	37.0	30.0	38.0
56-57	35.0976	37.0	35.0	37.0	30.0	38.0
58-59	35.143739999999994	37.0	35.5	37.0	30.0	38.0
60-61	35.110924999999995	37.0	35.0	37.0	30.0	38.0
62-63	35.135325	37.0	35.0	37.0	30.0	38.0
64-65	35.050765	37.0	35.0	37.0	30.0	38.0
66-67	35.05851	37.0	35.0	37.0	30.0	38.0
68-69	35.060135	37.0	35.0	37.0	30.0	38.0
70-71	34.97263	37.0	35.0	37.0	30.0	38.0
72-73	34.943205000000006	37.0	35.0	37.0	29.5	38.0
74-75	34.849455	37.0	35.0	37.0	29.0	38.0
76-77	34.81935	37.0	35.0	37.0	29.0	38.0
78-79	34.83319	37.0	35.0	37.0	29.0	38.0
80-81	34.73397	37.0	35.0	37.0	29.0	38.0
82-83	34.689195	37.0	35.0	37.0	29.0	38.0
84-85	34.68843	37.0	35.0	37.0	28.5	38.0
86-87	34.650635	37.0	35.0	37.0	28.0	38.0
88-89	34.595974999999996	37.0	35.0	37.0	28.5	38.0
90-91	34.52163	37.0	34.5	37.0	28.0	38.0
92-93	34.453635	37.0	34.0	37.0	28.0	38.0
94-95	34.42724	37.0	34.0	37.0	28.0	38.0
96-97	34.392354999999995	37.0	34.0	37.0	28.0	38.0
98-99	34.316199999999995	37.0	34.0	37.0	27.0	38.0
100	34.28766	37.0	34.0	37.0	27.0	38.0
>>END_MODULE
>>Per sequence quality scores	pass
#Quality	Count
21	2.0
22	10.0
23	56.0
24	135.0
25	273.0
26	463.0
27	795.0
28	1235.0
29	1783.0
30	2459.0
31	3223.0
32	4367.0
33	6256.0
34	9625.0
35	19816.0
36	45601.0
37	3901.0
>>END_MODULE
>>Per base sequence content	fail
#Base	G	A	T	C
1	41.549	12.011	9.155000000000001	37.285000000000004
2	27.977	17.643	36.47	17.91
3	23.913999999999998	21.067	23.282	31.737
4	28.321	29.044999999999998	21.065	21.569
5	25.013999999999996	30.048000000000002	24.189	20.749000000000002
6	21.119	32.601	26.534000000000002	19.746
7	19.967	16.857	40.247	22.929
8	23.548	21.313	28.397	26.741999999999997
9	23.165	20.681	30.163	25.990999999999996
10-11	25.5125	28.810000000000002	21.302	24.3755
12-13	24.425	22.927500000000002	27.420499999999997	25.227
14-15	24.192	24.8025	26.718999999999998	24.2865
16-17	25.522499999999997	24.1985	25.817	24.462
18-19	24.907	24.2985	25.625999999999998	25.168499999999998
20-21	25.3105	24.605	25.5085	24.576
22-23	25.202999999999996	24.92	25.1215	24.7555
24-25	25.1415	24.401999999999997	25.229000000000003	25.227500000000003
26-27	25.026	24.5945	25.3545	25.025
28-29	25.398500000000002	24.3765	24.948	25.277
30-31	25.1885	24.6195	24.958	25.234
32-33	25.0845	24.546	24.840999999999998	25.528499999999998
34-35	25.194	24.768	24.92	25.118000000000002
36-37	25.1535	24.6065	25.039499999999997	25.200499999999998
38-39	25.105	24.419	25.214	25.262
40-41	25.580000000000002	24.5185	24.740000000000002	25.161499999999997
42-43	25.209	24.3685	25.165	25.2575
44-45	25.194	24.2995	25.3615	25.145
46-47	25.322499999999998	24.351	25.278	25.0485
48-49	25.216499999999996	24.3425	25.015500000000003	25.4255
50-51	24.9985	24.443	25.362499999999997	25.196
52-53	25.261	24.603	24.746000000000002	25.39
54-55	25.392500000000002	24.374499999999998	24.829	25.404
56-57	25.327499999999997	24.2725	25.251	25.149
58-59	25.375500000000002	24.0835	25.357000000000003	25.184
60-61	25.1695	24.258	25.019999999999996	25.552500000000002
62-63	25.2625	24.2565	25.296000000000003	25.185000000000002
64-65	25.415	24.3125	25.194	25.0785
66-67	25.392500000000002	24.075499999999998	24.990499999999997	25.5415
68-69	25.056	24.2345	25.412499999999998	25.296999999999997
70-71	25.331	24.0255	25.142999999999997	25.5005
72-73	25.185000000000002	23.845	25.3635	25.606499999999997
74-75	25.167499999999997	24.095	25.435999999999996	25.301499999999997
76-77	25.4895	23.98	25.1655	25.365
78-79	25.3035	24.205	25.207	25.284499999999998
80-81	25.174999999999997	24.0925	25.403	25.3295
82-83	25.356	24.380499999999998	24.842	25.4215
84-85	24.937	24.0625	25.3725	25.628
86-87	25.162000000000003	23.833	25.319999999999997	25.685000000000002
88-89	25.406499999999998	24.130499999999998	25.189	25.274
90-91	25.100499999999997	24.177	25.2505	25.472
92-93	25.0125	24.278	25.1715	25.538
94-95	25.263999999999996	24.313000000000002	24.808	25.615
96-97	25.2755	24.037	25.119000000000003	25.5685
98-99	25.322	24.3215	24.802	25.5545
100	25.734	24.175	24.679000000000002	25.412000000000003
>>END_MODULE
>>Per sequence GC content	pass
#GC Content	Count
0	0.0
1	0.0
2	0.0
3	0.0
4	0.0
5	0.0
6	0.0
7	0.0
8	0.0
9	0.0
10	0.0
11	0.5
12	0.5
13	0.0
14	0.0
15	1.5
16	3.0
17	3.0
18	6.5
19	8.5
20	9.0
21	13.0
22	21.5
23	30.5
24	46.0
25	61.0
26	83.5
27	128.0
28	161.0
29	204.0
30	266.5
31	336.0
32	431.5
33	520.0
34	646.0
35	783.5
36	913.0
37	1051.0
38	1250.0
39	1445.5
40	1673.0
41	1961.0
42	2288.5
43	2700.0
44	2924.5
45	3042.0
46	3445.5
47	4024.0
48	4547.0
49	5021.0
50	5245.5
51	5238.5
52	5137.0
53	4904.0
54	4687.5
55	4582.5
56	4432.0
57	4240.0
58	3993.0
59	3525.0
60	3014.0
61	2634.0
62	2130.5
63	1680.5
64	1368.5
65	1013.5
66	706.5
67	491.0
68	343.5
69	215.0
70	145.5
71	89.5
72	44.5
73	32.5
74	21.5
75	9.0
76	6.0
77	6.0
78	6.0
79	3.5
80	1.0
81	0.5
82	0.5
83	1.0
84	0.5
85	0.0
86	0.0
87	0.0
88	0.0
89	0.0
90	0.0
91	0.0
92	0.0
93	0.0
94	0.0
95	0.0
96	0.0
97	0.0
98	0.0
99	0.0
100	0.0
>>END_MODULE
>>Per base N content	pass
#Base	N-Count
1	0.0
2	0.0
3	0.0
4	0.0
5	0.0
6	0.0
7	0.0
8	0.0
9	0.0
10-11	0.0
12-13	0.0
14-15	0.0
16-17	0.0
18-19	0.0
20-21	0.0
22-23	0.0
24-25	0.0
26-27	0.0
28-29	0.0
30-31	0.0
32-33	0.0
34-35	0.0
36-37	0.0
38-39	0.0
40-41	0.0
42-43	0.0
44-45	0.0
46-47	0.0
48-49	0.0
50-51	0.0
52-53	0.0
54-55	0.0
56-57	0.0
58-59	0.0
60-61	0.0
62-63	0.0
64-65	0.0
66-67	0.0
68-69	0.0
70-71	0.0
72-73	0.0
74-75	0.0
76-77	0.0
78-79	0.0
80-81	0.0
82-83	0.0
84-85	0.0
86-87	0.0
88-89	0.0
90-91	0.0
92-93	0.0
94-95	0.0
96-97	0.0
98-99	0.0
100	0.0
>>END_MODULE
>>Sequence Length Distribution	pass
#Length	Count
100	100000.0
>>END_MODULE
>>Sequence Duplication Levels	pass
#Total Deduplicated Percentage	90.25
#Duplication Level	Percentage of deduplicated	Percentage of total
1	95.37728531855956	86.078
2	3.2277008310249307	5.826
3	0.5495844875346261	1.488
4	0.22714681440443213	0.8200000000000001
5	0.1473684210526316	0.6649999999999999
6	0.09750692520775624	0.528
7	0.07867036011080333	0.49699999999999994
8	0.040997229916897505	0.296
9	0.04653739612188366	0.378
>10	0.2005540166204986	3.018
>50	0.006648199445983379	0.406
>100	0.0	0.0
>500	0.0	0.0
>1k	0.0	0.0
>5k	0.0	0.0
>10k+	0.0	0.0
>>END_MODULE
>>Overrepresented sequences	pass
>>END_MODULE
>>Adapter Content	pass
#Position	Illumina Universal Adapter	Illumina Small RNA 3' Adapter	Illumina Small RNA 5' Adapter	Nextera Transposase Sequence	SOLID Small RNA Adapter
1	0.0	0.0	0.0	0.0	0.0
2	0.0	0.0	0.0	0.0	0.0
3	0.0	0.0	0.0	0.0	0.0
4	0.0	0.0	0.0	0.0	0.0
5	0.0	0.0	0.0	0.0	0.0
6	0.0	0.0	0.0	0.0	0.0
7	0.0	0.0	0.0	0.0	0.0
8	0.0	0.0	0.0	0.0	0.0
9	0.0	0.0	0.0	0.0	0.0
10-11	0.0	0.0	0.0	0.0	0.0
12-13	0.0	0.0	0.0	0.0	0.0
14-15	0.0	0.0	0.0	0.0	0.0
16-17	0.0	0.0	0.0	0.0	0.0
18-19	0.0	0.0	0.0	0.0	0.0
20-21	0.0	0.0	0.0	0.0	0.0
22-23	0.0	0.0	0.0	0.0	0.0
24-25	0.0	0.0	0.0	0.0	0.0
26-27	0.0	0.0	0.0	0.0	0.0
28-29	0.0	0.0	0.0	0.0	0.0
30-31	0.0	0.0	0.0	0.0	0.0
32-33	0.0	0.0	0.0	0.0	0.0
34-35	0.0	0.0	0.0	0.0	0.0
36-37	0.0	0.0	0.0	0.0	0.0
38-39	0.0	0.0	0.0	0.0	0.0
40-41	0.0	0.0	0.0	0.0	0.0
42-43	0.0	0.0	0.0	0.0	0.0
44-45	0.0	0.0	0.0	0.0	0.0
46-47	0.0	0.0	0.0	0.0	0.0
48-49	0.0	0.0	0.0	0.0	0.0
50-51	0.0	0.0	0.0	0.0	0.0
52-53	0.0	0.0	0.0	0.0	0.0
54-55	0.0	0.0	0.0	0.0	0.0
56-57	0.0	0.0	0.0	0.0	0.0
58-59	0.0	0.0	0.0	0.0	0.0
60-61	0.0	0.0	0.0	0.0	0.0
62-63	0.0	0.0	0.0	0.0	0.0
64-65	0.0	0.0	0.0	0.0	0.0
66-67	0.0	0.0	0.0	0.0	0.0
68-69	0.0	0.0	0.0	0.0	0.0
70-71	0.0	0.0	0.0	0.0	0.0
72-73	0.0	0.0	0.0	0.0	0.0
74-75	0.0	0.0	0.0	0.0	0.0
76-77	0.0	0.0	0.0	0.0	0.0
78-79	0.0	0.0	0.0	0.0	0.0
80-81	0.0	0.0	0.0	0.0	0.0
82-83	0.0	0.0	0.0	0.0	0.0
84-85	0.0	0.0	0.0	0.0	0.0
86-87	0.0	0.0	0.0	0.0	0.0
88-89	0.0	0.0	0.0	0.0	0.0
>>END_MODULE
