##FastQC	0.11.9
>>Basic Statistics	pass
#Measure	Value
Filename	Tco-290_1.fq.gz
File type	Conventional base calls
Encoding	Sanger / Illumina 1.9
Total Sequences	100000
Sequences flagged as poor quality	0
Sequence length	100
%GC	50
>>END_MODULE
>>Per base sequence quality	pass
#Base	Mean	Median	Lower Quartile	Upper Quartile	10th Percentile	90th Percentile
1	35.22886	37.0	36.0	37.0	30.0	37.0
2	35.27475	37.0	36.0	37.0	31.0	38.0
3	34.9869	37.0	36.0	37.0	30.0	38.0
4	35.48679	37.0	36.0	37.0	31.0	38.0
5	35.4794	37.0	36.0	37.0	31.0	38.0
6	35.5271	37.0	36.0	37.0	31.0	38.0
7	35.53816	37.0	36.0	37.0	32.0	38.0
8	35.5536	37.0	36.0	37.0	31.0	38.0
9	35.50617	37.0	36.0	37.0	31.0	38.0
10-11	35.49019	37.0	36.0	37.0	31.0	38.0
12-13	35.54188	37.0	36.0	37.0	31.5	38.0
14-15	35.51392	37.0	36.0	37.0	31.5	38.0
16-17	35.44306	37.0	36.0	37.0	31.0	38.0
18-19	35.45849	37.0	36.0	37.0	31.0	38.0
20-21	35.454565	37.0	36.0	37.0	31.0	38.0
22-23	35.425799999999995	37.0	36.0	37.0	31.0	38.0
24-25	35.438745	37.0	36.0	37.0	31.0	38.0
26-27	35.427634999999995	37.0	36.0	37.0	31.0	38.0
28-29	35.40181	37.0	36.0	37.0	31.0	38.0
30-31	35.40717	37.0	36.0	37.0	31.0	38.0
32-33	35.37733	37.0	36.0	37.0	31.0	38.0
34-35	35.38184	37.0	36.0	37.0	31.0	38.0
36-37	35.33876	37.0	36.0	37.0	31.0	38.0
38-39	35.34768	37.0	36.0	37.0	31.0	38.0
40-41	35.32282	37.0	36.0	37.0	31.0	38.0
42-43	35.3006	37.0	36.0	37.0	31.0	38.0
44-45	35.28391	37.0	36.0	37.0	31.0	38.0
46-47	35.26883	37.0	36.0	37.0	31.0	38.0
48-49	35.279705	37.0	36.0	37.0	31.0	38.0
50-51	35.186994999999996	37.0	36.0	37.0	30.5	38.0
52-53	35.188815000000005	37.0	35.5	37.0	30.5	38.0
54-55	35.12966	37.0	35.0	37.0	30.0	38.0
56-57	35.06668	37.0	35.0	37.0	30.0	38.0
58-59	35.0182	37.0	35.0	37.0	30.0	38.0
60-61	35.020975	37.0	35.0	37.0	30.0	38.0
62-63	34.99355	37.0	35.0	37.0	30.0	38.0
64-65	35.032215	37.0	35.0	37.0	30.0	38.0
66-67	34.94659	37.0	35.0	37.0	29.5	38.0
68-69	34.949565	37.0	35.0	37.0	30.0	38.0
70-71	34.90024	37.0	35.0	37.0	29.5	38.0
72-73	34.874425	37.0	35.0	37.0	29.0	38.0
74-75	34.786069999999995	37.0	35.0	37.0	29.0	38.0
76-77	34.711875	37.0	35.0	37.0	29.0	38.0
78-79	34.71861	37.0	35.0	37.0	29.0	38.0
80-81	34.675955	37.0	35.0	37.0	29.0	38.0
82-83	34.640919999999994	37.0	35.0	37.0	28.5	38.0
84-85	34.588695	37.0	35.0	37.0	28.0	38.0
86-87	34.528220000000005	37.0	34.5	37.0	28.0	38.0
88-89	34.473145	37.0	34.0	37.0	28.0	38.0
90-91	34.42375	37.0	34.0	37.0	28.0	38.0
92-93	34.413995	37.0	34.0	37.0	28.0	38.0
94-95	34.291485	37.0	34.0	37.0	27.0	38.0
96-97	34.30843	37.0	34.0	37.0	27.0	38.0
98-99	34.214569999999995	37.0	34.0	37.0	27.0	38.0
100	34.14012	37.0	34.0	37.0	27.0	38.0
>>END_MODULE
>>Per sequence quality scores	pass
#Quality	Count
22	22.0
23	55.0
24	148.0
25	268.0
26	482.0
27	855.0
28	1223.0
29	1750.0
30	2474.0
31	3289.0
32	4537.0
33	6466.0
34	9947.0
35	19831.0
36	44777.0
37	3876.0
>>END_MODULE
>>Per base sequence content	fail
#Base	G	A	T	C
1	43.979	11.485	9.316	35.22
2	27.810000000000002	17.965999999999998	34.54	19.683999999999997
3	25.55	21.538	22.203999999999997	30.708000000000002
4	29.87	28.957	19.716	21.457
5	25.313000000000002	30.496000000000002	23.371	20.82
6	21.382	33.274	25.763	19.581
7	20.212	16.877	39.788000000000004	23.122999999999998
8	24.041999999999998	22.301000000000002	27.494000000000003	26.162999999999997
9	23.506	21.085	29.310000000000002	26.099
10-11	25.2135	29.408	21.390500000000003	23.988
12-13	24.33	23.063	27.683000000000003	24.924
14-15	24.235	24.9235	26.5675	24.274
16-17	25.1825	24.7305	25.735999999999997	24.351
18-19	25.070500000000003	24.7455	25.369000000000003	24.815
20-21	25.1215	24.9495	25.358999999999998	24.57
22-23	25.279	25.0025	25.108000000000004	24.6105
24-25	25.287	24.7745	25.321500000000004	24.617
26-27	25.087	24.9175	25.247999999999998	24.7475
28-29	25.3245	24.89	24.9715	24.814
30-31	25.213	24.864	24.7755	25.1475
32-33	24.982	24.987000000000002	25.163999999999998	24.867
34-35	25.406000000000002	24.721	25.03	24.843
36-37	25.1035	24.8905	25.247999999999998	24.758
38-39	24.953500000000002	25.0595	25.083	24.904
40-41	25.092	24.865000000000002	25.083499999999997	24.959500000000002
42-43	24.982499999999998	24.776	25.289499999999997	24.951999999999998
44-45	25.028	24.8175	25.214	24.9405
46-47	25.234499999999997	24.752499999999998	24.905	25.108000000000004
48-49	24.962500000000002	24.857499999999998	25.158	25.022
50-51	24.9305	24.349999999999998	25.5965	25.123
52-53	25.4325	24.455	25.1	25.0125
54-55	25.176	24.526500000000002	25.111	25.186500000000002
56-57	25.033	24.468999999999998	25.2025	25.295499999999997
58-59	25.2525	24.651	25.078	25.0185
60-61	25.207	24.665	25.089499999999997	25.038500000000003
62-63	24.820500000000003	24.784	25.224999999999998	25.1705
64-65	25.182	24.459	25.1195	25.2395
66-67	25.275	24.479	24.7655	25.4805
68-69	25.027500000000003	24.7515	25.163000000000004	25.058000000000003
70-71	25.2935	24.5015	25.143500000000003	25.0615
72-73	25.361	24.1385	25.155499999999996	25.345000000000002
74-75	25.1845	24.282999999999998	25.3285	25.203999999999997
76-77	25.177	24.4005	25.234499999999997	25.188
78-79	25.282500000000002	24.454500000000003	25.105	25.158
80-81	25.198999999999998	24.432499999999997	25.189	25.179499999999997
82-83	25.1965	24.422	25.099	25.282500000000002
84-85	25.0685	24.093500000000002	25.5235	25.314500000000002
86-87	24.696	24.587500000000002	25.479499999999998	25.237
88-89	25.0255	24.565	25.1885	25.221
90-91	25.258999999999997	24.345	24.9735	25.4225
92-93	25.027500000000003	24.188000000000002	25.571500000000004	25.213
94-95	25.3045	24.4295	24.9885	25.277500000000003
96-97	25.241999999999997	24.382	24.8245	25.5515
98-99	25.048	24.7005	24.948500000000003	25.302999999999997
100	25.474999999999998	24.498	24.677	25.35
>>END_MODULE
>>Per sequence GC content	pass
#GC Content	Count
0	0.0
1	0.0
2	0.0
3	0.0
4	0.0
5	0.0
6	0.0
7	0.0
8	0.0
9	0.5
10	0.5
11	0.0
12	0.0
13	2.0
14	2.0
15	1.5
16	2.5
17	2.0
18	4.5
19	8.5
20	13.5
21	18.0
22	22.5
23	28.5
24	43.0
25	69.5
26	104.0
27	133.5
28	167.0
29	235.5
30	315.5
31	399.0
32	470.5
33	597.0
34	751.5
35	895.5
36	1092.0
37	1272.0
38	1439.5
39	1649.0
40	1892.0
41	2130.0
42	2432.5
43	2743.5
44	2957.5
45	3245.0
46	3626.0
47	3959.0
48	4250.5
49	4513.0
50	4775.5
51	4898.0
52	4867.0
53	4750.5
54	4611.5
55	4520.5
56	4324.5
57	3995.0
58	3754.0
59	3460.0
60	3030.0
61	2672.0
62	2293.5
63	1808.5
64	1398.0
65	1073.5
66	747.5
67	521.0
68	373.5
69	261.5
70	158.5
71	84.5
72	47.5
73	33.0
74	18.0
75	10.5
76	9.5
77	5.5
78	3.0
79	2.0
80	1.0
81	1.0
82	0.0
83	0.5
84	0.5
85	0.0
86	0.0
87	0.0
88	0.0
89	0.0
90	0.0
91	0.0
92	0.0
93	0.0
94	0.0
95	0.0
96	0.0
97	0.0
98	0.0
99	0.0
100	0.0
>>END_MODULE
>>Per base N content	pass
#Base	N-Count
1	0.0
2	0.0
3	0.0
4	0.0
5	0.0
6	0.0
7	0.0
8	0.0
9	0.0
10-11	0.0
12-13	0.0
14-15	0.0
16-17	0.0
18-19	0.0
20-21	0.0
22-23	0.0
24-25	0.0
26-27	0.0
28-29	0.0
30-31	0.0
32-33	0.0
34-35	0.0
36-37	0.0
38-39	0.0
40-41	0.0
42-43	0.0
44-45	0.0
46-47	0.0
48-49	0.0
50-51	0.0
52-53	0.0
54-55	0.0
56-57	0.0
58-59	0.0
60-61	0.0
62-63	0.0
64-65	0.0
66-67	0.0
68-69	0.0
70-71	0.0
72-73	0.0
74-75	0.0
76-77	0.0
78-79	0.0
80-81	0.0
82-83	0.0
84-85	0.0
86-87	0.0
88-89	0.0
90-91	0.0
92-93	0.0
94-95	0.0
96-97	0.0
98-99	0.0
100	0.0
>>END_MODULE
>>Sequence Length Distribution	pass
#Length	Count
100	100000.0
>>END_MODULE
>>Sequence Duplication Levels	pass
#Total Deduplicated Percentage	90.7
#Duplication Level	Percentage of deduplicated	Percentage of total
1	94.60198456449834	85.804
2	3.9845644983461965	7.228
3	0.6736493936052922	1.833
4	0.23925027563395812	0.868
5	0.12238147739801544	0.555
6	0.1113561190738699	0.606
7	0.0661521499448732	0.42
8	0.024255788313120176	0.17600000000000002
9	0.0308710033076075	0.252
>10	0.1422271223814774	2.0660000000000003
>50	0.0033076074972436605	0.192
>100	0.0	0.0
>500	0.0	0.0
>1k	0.0	0.0
>5k	0.0	0.0
>10k+	0.0	0.0
>>END_MODULE
>>Overrepresented sequences	pass
>>END_MODULE
>>Adapter Content	pass
#Position	Illumina Universal Adapter	Illumina Small RNA 3' Adapter	Illumina Small RNA 5' Adapter	Nextera Transposase Sequence	SOLID Small RNA Adapter
1	0.0	0.0	0.0	0.0	0.0
2	0.0	0.0	0.0	0.0	0.0
3	0.0	0.0	0.0	0.0	0.0
4	0.0	0.0	0.0	0.0	0.0
5	0.0	0.0	0.0	0.0	0.0
6	0.0	0.0	0.0	0.0	0.0
7	0.0	0.0	0.0	0.0	0.0
8	0.0	0.0	0.0	0.0	0.0
9	0.0	0.0	0.0	0.0	0.0
10-11	0.0	0.0	0.0	0.0	0.0
12-13	0.0	0.0	0.0	0.0	0.0
14-15	0.0	0.0	0.0	0.0	0.0
16-17	0.0	0.0	0.0	0.0	0.0
18-19	0.0	0.0	0.0	0.0	0.0
20-21	0.0	0.0	0.0	0.0	0.0
22-23	0.0	0.0	0.0	0.0	0.0
24-25	0.0	0.0	0.0	0.0	0.0
26-27	0.0	0.0	0.0	0.0	0.0
28-29	0.0	0.0	0.0	0.0	0.0
30-31	0.0	0.0	0.0	0.0	0.0
32-33	0.0	0.0	0.0	0.0	0.0
34-35	0.0	0.0	0.0	0.0	0.0
36-37	0.0	0.0	0.0	0.0	0.0
38-39	0.0	0.0	0.0	0.0	0.0
40-41	0.0	0.0	0.0	0.0	0.0
42-43	0.0	0.0	0.0	0.0	0.0
44-45	0.0	0.0	0.0	0.0	0.0
46-47	0.0	0.0	0.0	0.0	0.0
48-49	0.0	0.0	0.0	0.0	0.0
50-51	0.0	0.0	0.0	0.0	0.0
52-53	0.0	0.0	0.0	0.0	0.0
54-55	0.0	0.0	0.0	0.0	0.0
56-57	0.0	0.0	0.0	0.0	0.0
58-59	0.0	0.0	0.0	0.0	0.0
60-61	0.0	0.0	0.0	0.0	0.0
62-63	0.0	0.0	0.0	0.0	0.0
64-65	0.0	0.0	0.0	0.0	0.0
66-67	0.0	0.0	0.0	0.0	0.0
68-69	0.0	0.0	0.0	0.0	0.0
70-71	0.0	0.0	0.0	0.0	0.0
72-73	0.0	0.0	0.0	0.0	0.0
74-75	0.0	0.0	0.0	0.0	0.0
76-77	0.0	0.0	0.0	0.0	0.0
78-79	0.0	0.0	0.0	0.0	0.0
80-81	0.0	0.0	0.0	0.0	0.0
82-83	0.0	0.0	0.0	0.0	0.0
84-85	0.0	0.0	0.0	0.0	0.0
86-87	0.0	0.0	0.0	0.0	0.0
88-89	0.0	0.0	0.0	0.0	0.0
>>END_MODULE
