##FastQC	0.11.9
>>Basic Statistics	pass
#Measure	Value
Filename	Tco-444_1.fq.gz
File type	Conventional base calls
Encoding	Sanger / Illumina 1.9
Total Sequences	100000
Sequences flagged as poor quality	0
Sequence length	100
%GC	50
>>END_MODULE
>>Per base sequence quality	pass
#Base	Mean	Median	Lower Quartile	Upper Quartile	10th Percentile	90th Percentile
1	35.0224	37.0	35.0	37.0	30.0	37.0
2	35.20924	37.0	36.0	37.0	30.0	38.0
3	35.47876	37.0	36.0	37.0	31.0	38.0
4	35.41555	37.0	36.0	37.0	31.0	38.0
5	35.46395	37.0	36.0	37.0	31.0	38.0
6	35.45752	37.0	36.0	37.0	31.0	38.0
7	35.54988	37.0	36.0	37.0	32.0	38.0
8	35.50318	37.0	36.0	37.0	31.0	38.0
9	35.52013	37.0	36.0	37.0	31.0	38.0
10-11	35.456720000000004	37.0	36.0	37.0	31.0	38.0
12-13	35.540549999999996	37.0	36.0	37.0	31.0	38.0
14-15	35.504329999999996	37.0	36.0	37.0	31.0	38.0
16-17	35.41808	37.0	36.0	37.0	31.0	38.0
18-19	35.424454999999995	37.0	36.0	37.0	31.0	38.0
20-21	35.458545	37.0	36.0	37.0	31.0	38.0
22-23	35.406125	37.0	36.0	37.0	31.0	38.0
24-25	35.417905000000005	37.0	36.0	37.0	31.0	38.0
26-27	35.374605	37.0	36.0	37.0	31.0	38.0
28-29	35.418445	37.0	36.0	37.0	31.0	38.0
30-31	35.37489	37.0	36.0	37.0	31.0	38.0
32-33	35.34844	37.0	36.0	37.0	31.0	38.0
34-35	35.37608	37.0	36.0	37.0	31.0	38.0
36-37	35.353455	37.0	36.0	37.0	31.0	38.0
38-39	35.351155000000006	37.0	36.0	37.0	31.0	38.0
40-41	35.279984999999996	37.0	36.0	37.0	31.0	38.0
42-43	35.294405	37.0	36.0	37.0	31.0	38.0
44-45	35.289935	37.0	36.0	37.0	31.0	38.0
46-47	35.299859999999995	37.0	36.0	37.0	31.0	38.0
48-49	35.27359	37.0	36.0	37.0	31.0	38.0
50-51	35.20034	37.0	35.5	37.0	30.5	38.0
52-53	35.187235	37.0	35.5	37.0	30.5	38.0
54-55	35.198065	37.0	36.0	37.0	30.5	38.0
56-57	35.11255	37.0	35.0	37.0	30.0	38.0
58-59	35.186255	37.0	35.5	37.0	30.5	38.0
60-61	35.109035	37.0	35.0	37.0	30.0	38.0
62-63	35.127275	37.0	35.0	37.0	30.0	38.0
64-65	35.05374	37.0	35.0	37.0	30.0	38.0
66-67	35.08739	37.0	35.0	37.0	30.0	38.0
68-69	35.033605	37.0	35.0	37.0	30.0	38.0
70-71	34.964304999999996	37.0	35.0	37.0	30.0	38.0
72-73	34.95692	37.0	35.0	37.0	30.0	38.0
74-75	34.877825	37.0	35.0	37.0	29.0	38.0
76-77	34.847055	37.0	35.0	37.0	29.0	38.0
78-79	34.83367	37.0	35.0	37.0	29.0	38.0
80-81	34.759434999999996	37.0	35.0	37.0	29.0	38.0
82-83	34.699875	37.0	35.0	37.0	29.0	38.0
84-85	34.712755	37.0	35.0	37.0	29.0	38.0
86-87	34.649885	37.0	35.0	37.0	28.5	38.0
88-89	34.608725	37.0	35.0	37.0	28.0	38.0
90-91	34.526695000000004	37.0	34.5	37.0	28.0	38.0
92-93	34.470884999999996	37.0	34.0	37.0	28.0	38.0
94-95	34.472094999999996	37.0	34.0	37.0	28.0	38.0
96-97	34.44979	37.0	34.0	37.0	28.0	38.0
98-99	34.35259	37.0	34.0	37.0	27.5	38.0
100	34.29058	37.0	34.0	37.0	27.0	38.0
>>END_MODULE
>>Per sequence quality scores	pass
#Quality	Count
21	3.0
22	12.0
23	56.0
24	137.0
25	271.0
26	473.0
27	794.0
28	1164.0
29	1756.0
30	2467.0
31	3274.0
32	4399.0
33	6110.0
34	9588.0
35	19507.0
36	45667.0
37	4322.0
>>END_MODULE
>>Per base sequence content	fail
#Base	G	A	T	C
1	41.308	12.059000000000001	9.341000000000001	37.291999999999994
2	28.114	17.805	36.196	17.885
3	24.056	21.317	23.063	31.563999999999997
4	28.144000000000002	29.599999999999998	20.619	21.637
5	24.761	30.245	24.514	20.48
6	20.763	32.903999999999996	26.872	19.461000000000002
7	20.096	17.084	40.088	22.732
8	23.355	21.671000000000003	28.549999999999997	26.423999999999996
9	23.107	20.857	30.287999999999997	25.747999999999998
10-11	25.261	29.104000000000003	21.7765	23.8585
12-13	24.4245	23.14	27.7485	24.687
14-15	23.987	24.8895	26.869500000000002	24.254
16-17	25.180999999999997	24.504	25.933	24.382
18-19	25.058000000000003	24.7345	25.511	24.6965
20-21	25.099500000000003	24.9885	25.616	24.296
22-23	25.0315	25.0915	25.2815	24.5955
24-25	25.192999999999998	24.793000000000003	25.166500000000003	24.8475
26-27	25.0015	25.0415	25.474000000000004	24.483
28-29	25.0975	24.884	25.438499999999998	24.58
30-31	24.9025	24.944	25.333	24.820500000000003
32-33	24.973	24.962	25.3685	24.6965
34-35	25.307000000000002	24.7215	25.133	24.8385
36-37	25.003999999999998	24.651	25.457	24.887999999999998
38-39	25.0005	24.712500000000002	25.521	24.766
40-41	25.2205	24.6	25.337	24.8425
42-43	25.112499999999997	24.516	25.3425	25.029
44-45	25.148	24.529500000000002	25.482	24.8405
46-47	25.070500000000003	24.7925	25.2505	24.8865
48-49	25.112000000000002	24.458	25.400499999999997	25.0295
50-51	25.0145	24.5595	25.5845	24.8415
52-53	25.31	24.468500000000002	25.288500000000003	24.933
54-55	24.989	24.412	25.369999999999997	25.229000000000003
56-57	25.016	24.542	25.444	24.998
58-59	25.082500000000003	24.4585	25.363000000000003	25.096
60-61	25.0475	24.4195	25.388500000000004	25.144499999999997
62-63	24.9735	24.3855	25.503999999999998	25.136999999999997
64-65	25.285999999999998	24.566	25.2545	24.8935
66-67	25.237	24.294	25.325999999999997	25.142999999999997
68-69	24.981	24.324	25.513	25.182
70-71	25.165	24.4245	25.266	25.144499999999997
72-73	25.413000000000004	24.0405	25.394	25.1525
74-75	25.1585	24.369	25.4885	24.984
76-77	25.410500000000003	24.185499999999998	25.393	25.011
78-79	25.070500000000003	24.2055	25.423000000000002	25.301000000000002
80-81	24.881	24.404	25.5	25.215
82-83	25.245	24.413	25.3125	25.0295
84-85	25.141000000000002	24.2725	25.311	25.2755
86-87	25.0195	24.5095	25.396	25.074999999999996
88-89	25.2355	24.374499999999998	25.2435	25.1465
90-91	24.826999999999998	24.2455	25.415	25.5125
92-93	24.802	24.4	25.6795	25.118499999999997
94-95	25.033499999999997	24.407	25.384	25.1755
96-97	24.9275	24.33	25.39	25.3525
98-99	24.912	24.5475	25.428	25.112499999999997
100	25.313000000000002	24.335	25.035	25.317
>>END_MODULE
>>Per sequence GC content	pass
#GC Content	Count
0	0.0
1	0.0
2	0.0
3	0.0
4	0.0
5	0.0
6	0.0
7	0.0
8	0.0
9	0.0
10	0.0
11	1.0
12	1.0
13	0.5
14	1.0
15	1.5
16	2.5
17	5.0
18	5.5
19	5.5
20	10.5
21	15.0
22	22.5
23	30.5
24	47.0
25	72.5
26	102.0
27	133.5
28	163.0
29	223.5
30	311.5
31	384.0
32	473.0
33	609.0
34	746.0
35	909.5
36	1110.5
37	1243.5
38	1399.0
39	1638.0
40	1891.0
41	2169.0
42	2450.5
43	2774.5
44	3128.0
45	3494.0
46	3819.0
47	4040.5
48	4311.5
49	4657.0
50	4929.0
51	5057.0
52	4978.0
53	4768.0
54	4714.5
55	4599.5
56	4295.5
57	4023.0
58	3711.5
59	3297.0
60	2910.0
61	2475.5
62	2017.0
63	1611.5
64	1199.0
65	903.0
66	688.5
67	499.5
68	330.5
69	200.5
70	138.0
71	98.5
72	56.5
73	38.0
74	22.5
75	12.0
76	8.0
77	6.5
78	4.0
79	1.0
80	1.0
81	1.0
82	1.5
83	1.0
84	0.0
85	0.0
86	0.0
87	0.0
88	0.0
89	0.0
90	0.0
91	0.0
92	0.0
93	0.0
94	0.0
95	0.0
96	0.0
97	0.0
98	0.0
99	0.0
100	0.0
>>END_MODULE
>>Per base N content	pass
#Base	N-Count
1	0.0
2	0.0
3	0.0
4	0.0
5	0.0
6	0.0
7	0.0
8	0.0
9	0.0
10-11	0.0
12-13	0.0
14-15	0.0
16-17	0.0
18-19	0.0
20-21	0.0
22-23	0.0
24-25	0.0
26-27	0.0
28-29	0.0
30-31	0.0
32-33	0.0
34-35	0.0
36-37	0.0
38-39	0.0
40-41	0.0
42-43	0.0
44-45	0.0
46-47	0.0
48-49	0.0
50-51	0.0
52-53	0.0
54-55	0.0
56-57	0.0
58-59	0.0
60-61	0.0
62-63	0.0
64-65	0.0
66-67	0.0
68-69	0.0
70-71	0.0
72-73	0.0
74-75	0.0
76-77	0.0
78-79	0.0
80-81	0.0
82-83	0.0
84-85	0.0
86-87	0.0
88-89	0.0
90-91	0.0
92-93	0.0
94-95	0.0
96-97	0.0
98-99	0.0
100	0.0
>>END_MODULE
>>Sequence Length Distribution	pass
#Length	Count
100	100000.0
>>END_MODULE
>>Sequence Duplication Levels	pass
#Total Deduplicated Percentage	93.063
#Duplication Level	Percentage of deduplicated	Percentage of total
1	95.01198113106175	88.421
2	3.8608254623212233	7.185999999999999
3	0.6339791324156754	1.77
4	0.2299517531134823	0.856
5	0.09778322211834993	0.455
6	0.054801586022371944	0.306
7	0.035459849779181846	0.231
8	0.021490818047988997	0.16
9	0.0064472454143967	0.054
>10	0.0472797997055758	0.561
>50	0.0	0.0
>100	0.0	0.0
>500	0.0	0.0
>1k	0.0	0.0
>5k	0.0	0.0
>10k+	0.0	0.0
>>END_MODULE
>>Overrepresented sequences	pass
>>END_MODULE
>>Adapter Content	pass
#Position	Illumina Universal Adapter	Illumina Small RNA 3' Adapter	Illumina Small RNA 5' Adapter	Nextera Transposase Sequence	SOLID Small RNA Adapter
1	0.0	0.0	0.0	0.0	0.0
2	0.0	0.0	0.0	0.0	0.0
3	0.0	0.0	0.0	0.0	0.0
4	0.0	0.0	0.0	0.0	0.0
5	0.0	0.0	0.0	0.0	0.0
6	0.0	0.0	0.0	0.0	0.0
7	0.0	0.0	0.0	0.0	0.0
8	0.0	0.0	0.0	0.0	0.0
9	0.0	0.0	0.0	0.0	0.0
10-11	0.0	0.0	0.0	0.0	0.0
12-13	0.0	0.0	0.0	0.0	0.0
14-15	0.0	0.0	0.0	0.0	0.0
16-17	0.0	0.0	0.0	0.0	0.0
18-19	0.0	0.0	0.0	0.0	0.0
20-21	0.0	0.0	0.0	0.0	0.0
22-23	0.0	0.0	0.0	0.0	0.0
24-25	0.0	0.0	0.0	0.0	0.0
26-27	0.0	0.0	0.0	0.0	0.0
28-29	0.0	0.0	0.0	0.0	0.0
30-31	0.0	0.0	0.0	0.0	0.0
32-33	0.0	0.0	0.0	0.0	0.0
34-35	0.0	0.0	0.0	0.0	0.0
36-37	0.0	0.0	0.0	0.0	0.0
38-39	0.0	0.0	0.0	0.0	0.0
40-41	0.0	0.0	0.0	0.0	0.0
42-43	0.0	0.0	0.0	0.0	0.0
44-45	0.0	0.0	0.0	0.0	0.0
46-47	0.0	0.0	0.0	0.0	0.0
48-49	0.0	0.0	0.0	0.0	0.0
50-51	0.0	0.0	0.0	0.0	0.0
52-53	0.0	0.0	0.0	0.0	0.0
54-55	0.0	0.0	0.0	0.0	0.0
56-57	0.0	0.0	0.0	0.0	0.0
58-59	0.0	0.0	0.0	0.0	0.0
60-61	0.0	0.0	0.0	0.0	0.0
62-63	0.0	0.0	0.0	0.0	0.0
64-65	0.0	0.0	0.0	0.0	0.0
66-67	0.0	0.0	0.0	0.0	0.0
68-69	0.0	0.0	0.0	0.0	0.0
70-71	0.0	0.0	0.0	0.0	0.0
72-73	0.0	0.0	0.0	0.0	0.0
74-75	0.0	0.0	0.0	0.0	0.0
76-77	0.0	0.001	0.0	0.0	0.0
78-79	0.0	0.001	0.0	0.0	0.0
80-81	0.0	0.001	0.0	0.0	0.0
82-83	0.0	0.001	0.0	0.0	0.0
84-85	0.0	0.001	0.0	0.0	0.0
86-87	0.0	0.001	0.0	0.0	0.0
88-89	0.0	0.001	0.0	0.0	0.0
>>END_MODULE
