##FastQC	0.11.9
>>Basic Statistics	pass
#Measure	Value
Filename	Tco-503_1.fq.gz
File type	Conventional base calls
Encoding	Sanger / Illumina 1.9
Total Sequences	100000
Sequences flagged as poor quality	0
Sequence length	100
%GC	49
>>END_MODULE
>>Per base sequence quality	pass
#Base	Mean	Median	Lower Quartile	Upper Quartile	10th Percentile	90th Percentile
1	35.03883	37.0	35.0	37.0	30.0	37.0
2	35.11087	37.0	35.0	37.0	30.0	38.0
3	34.94848	37.0	35.0	37.0	30.0	38.0
4	35.36131	37.0	36.0	37.0	31.0	38.0
5	35.34207	37.0	36.0	37.0	31.0	38.0
6	35.3757	37.0	36.0	37.0	31.0	38.0
7	35.40688	37.0	36.0	37.0	31.0	38.0
8	35.40432	37.0	36.0	37.0	31.0	38.0
9	35.37812	37.0	36.0	37.0	31.0	38.0
10-11	35.349495000000005	37.0	36.0	37.0	31.0	38.0
12-13	35.398635	37.0	36.0	37.0	31.0	38.0
14-15	35.383089999999996	37.0	36.0	37.0	31.0	38.0
16-17	35.31019	37.0	36.0	37.0	31.0	38.0
18-19	35.299409999999995	37.0	36.0	37.0	31.0	38.0
20-21	35.290315	37.0	36.0	37.0	31.0	38.0
22-23	35.25543	37.0	36.0	37.0	31.0	38.0
24-25	35.282790000000006	37.0	36.0	37.0	31.0	38.0
26-27	35.279545	37.0	36.0	37.0	31.0	38.0
28-29	35.25228	37.0	36.0	37.0	31.0	38.0
30-31	35.249700000000004	37.0	36.0	37.0	31.0	38.0
32-33	35.210539999999995	37.0	36.0	37.0	31.0	38.0
34-35	35.23616	37.0	36.0	37.0	31.0	38.0
36-37	35.191860000000005	37.0	35.5	37.0	30.5	38.0
38-39	35.199394999999996	37.0	35.5	37.0	30.5	38.0
40-41	35.17163	37.0	35.0	37.0	30.0	38.0
42-43	35.135835	37.0	35.0	37.0	30.0	38.0
44-45	35.16214	37.0	35.0	37.0	30.0	38.0
46-47	35.115795	37.0	35.0	37.0	30.0	38.0
48-49	35.097565	37.0	35.0	37.0	30.0	38.0
50-51	35.00707	37.0	35.0	37.0	30.0	38.0
52-53	35.000744999999995	37.0	35.0	37.0	30.0	38.0
54-55	34.965605	37.0	35.0	37.0	30.0	38.0
56-57	34.927865	37.0	35.0	37.0	29.5	38.0
58-59	34.90016	37.0	35.0	37.0	29.0	38.0
60-61	34.858625	37.0	35.0	37.0	29.0	38.0
62-63	34.831604999999996	37.0	35.0	37.0	29.0	38.0
64-65	34.824124999999995	37.0	35.0	37.0	29.0	38.0
66-67	34.79306	37.0	35.0	37.0	29.0	38.0
68-69	34.735395	37.0	35.0	37.0	29.0	38.0
70-71	34.700585000000004	37.0	35.0	37.0	29.0	38.0
72-73	34.70137	37.0	35.0	37.0	29.0	38.0
74-75	34.594454999999996	37.0	35.0	37.0	28.0	38.0
76-77	34.47186	37.0	34.0	37.0	28.0	38.0
78-79	34.488820000000004	37.0	34.0	37.0	28.0	38.0
80-81	34.468605	37.0	34.0	37.0	28.0	38.0
82-83	34.428285	37.0	34.0	37.0	28.0	38.0
84-85	34.37728	37.0	34.0	37.0	28.0	38.0
86-87	34.3478	37.0	34.0	37.0	27.5	38.0
88-89	34.28792	37.0	34.0	37.0	27.5	38.0
90-91	34.224165	37.0	34.0	37.0	27.0	38.0
92-93	34.207335	37.0	34.0	37.0	27.0	38.0
94-95	34.076245	37.0	34.0	37.0	27.0	38.0
96-97	34.107155	37.0	34.0	37.0	27.0	38.0
98-99	34.005565000000004	37.0	34.0	37.0	26.0	38.0
100	33.97653	37.0	34.0	37.0	26.0	38.0
>>END_MODULE
>>Per sequence quality scores	pass
#Quality	Count
21	1.0
22	19.0
23	74.0
24	195.0
25	347.0
26	570.0
27	901.0
28	1387.0
29	2081.0
30	2846.0
31	3768.0
32	5187.0
33	7049.0
34	10530.0
35	19698.0
36	41714.0
37	3633.0
>>END_MODULE
>>Per base sequence content	fail
#Base	G	A	T	C
1	42.75	11.684999999999999	9.24	36.325
2	28.132	18.237000000000002	35.214	18.417
3	24.6	21.83	22.592000000000002	30.978
4	28.561999999999998	29.744999999999997	20.399	21.294
5	24.796000000000003	30.917	23.825	20.462
6	20.73	33.452	26.548	19.27
7	20.174	17.067	39.992	22.767
8	23.618	22.239	27.781	26.362000000000002
9	23.256	21.424000000000003	29.382	25.938
10-11	25.070500000000003	29.5995	21.428	23.902
12-13	24.305	23.238500000000002	27.775	24.6815
14-15	23.762	25.606	26.737499999999997	23.8945
16-17	25.139499999999998	25.2645	25.7315	23.8645
18-19	24.8945	25.209	25.4155	24.481
20-21	25.130000000000003	25.291000000000004	25.3055	24.273500000000002
22-23	25.1275	25.5305	24.839	24.503
24-25	25.203999999999997	25.235999999999997	25.105499999999996	24.454500000000003
26-27	25.089	25.157	25.167499999999997	24.5865
28-29	25.194	25.3735	25.044499999999996	24.388
30-31	25.008999999999997	25.207	24.9875	24.796499999999998
32-33	24.8515	25.260500000000004	25.0545	24.8335
34-35	25.1645	25.0245	24.8725	24.9385
36-37	24.816	25.1475	25.367	24.6695
38-39	24.7585	25.182	25.283499999999997	24.776
40-41	25.247500000000002	24.969	25.0045	24.779
42-43	24.973	25.041999999999998	25.131500000000003	24.8535
44-45	25.093500000000002	24.87	25.3185	24.718
46-47	25.3245	24.854499999999998	25.2025	24.618499999999997
48-49	24.9685	24.8635	25.036	25.131999999999998
50-51	24.919	24.837	25.19	25.054
52-53	25.259999999999998	24.8665	24.992	24.881500000000003
54-55	25.107000000000003	25.0175	24.736	25.139499999999998
56-57	24.983	25.0045	24.991	25.021500000000003
58-59	25.150499999999997	24.898500000000002	24.8805	25.070500000000003
60-61	25.022	24.843	25.083	25.052000000000003
62-63	25.0185	24.8085	25.133	25.040000000000003
64-65	25.264999999999997	24.846	24.8385	25.0505
66-67	25.224999999999998	24.648	24.917	25.21
68-69	25.130999999999997	24.925	25.173000000000002	24.771
70-71	25.078	24.7825	25.146	24.993499999999997
72-73	25.166500000000003	24.5825	25.038	25.213
74-75	25.0065	24.46	25.400499999999997	25.133
76-77	25.192500000000003	24.5655	25.308999999999997	24.933
78-79	25.2625	24.517500000000002	24.993499999999997	25.2265
80-81	24.9225	24.666	25.2465	25.165
82-83	25.1695	24.829	24.932499999999997	25.069000000000003
84-85	25.022499999999997	24.5355	25.209500000000002	25.2325
86-87	24.595	24.815	25.320500000000003	25.2695
88-89	25.094	24.628	25.0975	25.1805
90-91	24.9045	24.8555	24.8825	25.357499999999998
92-93	25.043	24.505	25.272	25.180000000000003
94-95	25.167499999999997	24.7995	24.877	25.156
96-97	25.2185	24.5595	24.9395	25.282500000000002
98-99	24.933	24.901999999999997	25.015500000000003	25.149500000000003
100	25.396	24.711	24.843	25.05
>>END_MODULE
>>Per sequence GC content	pass
#GC Content	Count
0	0.0
1	0.0
2	0.0
3	0.0
4	0.0
5	0.0
6	0.5
7	1.0
8	1.0
9	0.5
10	0.0
11	1.0
12	1.0
13	0.0
14	1.0
15	1.0
16	1.5
17	4.5
18	9.0
19	10.5
20	9.0
21	11.0
22	24.0
23	33.5
24	41.0
25	59.0
26	90.5
27	138.0
28	185.0
29	254.0
30	341.0
31	416.5
32	522.0
33	670.0
34	814.0
35	968.0
36	1142.5
37	1331.0
38	1547.5
39	1772.5
40	2012.5
41	2203.5
42	2468.0
43	2792.5
44	3074.0
45	3368.0
46	3709.0
47	4047.5
48	4410.5
49	4640.5
50	4749.5
51	4813.0
52	4744.0
53	4687.0
54	4555.5
55	4428.5
56	4230.5
57	3898.5
58	3590.0
59	3234.0
60	2892.5
61	2526.5
62	2109.0
63	1759.0
64	1396.5
65	1045.0
66	766.0
67	516.5
68	333.0
69	223.5
70	139.0
71	84.5
72	50.0
73	33.5
74	27.5
75	18.5
76	6.5
77	5.5
78	4.5
79	1.0
80	1.0
81	1.0
82	0.5
83	0.5
84	0.0
85	0.0
86	0.0
87	0.0
88	0.0
89	0.0
90	0.0
91	0.0
92	0.0
93	0.0
94	0.0
95	0.0
96	0.0
97	0.0
98	0.0
99	0.0
100	0.0
>>END_MODULE
>>Per base N content	pass
#Base	N-Count
1	0.0
2	0.0
3	0.0
4	0.0
5	0.0
6	0.0
7	0.0
8	0.0
9	0.0
10-11	0.0
12-13	0.0
14-15	0.0
16-17	0.0
18-19	0.0
20-21	0.0
22-23	0.0
24-25	0.0
26-27	0.0
28-29	0.0
30-31	0.0
32-33	0.0
34-35	0.0
36-37	0.0
38-39	0.0
40-41	0.0
42-43	0.0
44-45	0.0
46-47	0.0
48-49	0.0
50-51	0.0
52-53	0.0
54-55	0.0
56-57	0.0
58-59	0.0
60-61	0.0
62-63	0.0
64-65	0.0
66-67	0.0
68-69	0.0
70-71	0.0
72-73	0.0
74-75	0.0
76-77	0.0
78-79	0.0
80-81	0.0
82-83	0.0
84-85	0.0
86-87	0.0
88-89	0.0
90-91	0.0
92-93	0.0
94-95	0.0
96-97	0.0
98-99	0.0
100	0.0
>>END_MODULE
>>Sequence Length Distribution	pass
#Length	Count
100	100000.0
>>END_MODULE
>>Sequence Duplication Levels	pass
#Total Deduplicated Percentage	89.67500000000001
#Duplication Level	Percentage of deduplicated	Percentage of total
1	93.54000557568999	83.882
2	4.935600780596599	8.852
3	0.7159185949261221	1.926
4	0.2932812935600781	1.052
5	0.15500418176749373	0.695
6	0.09478672985781991	0.51
7	0.05687203791469195	0.357
8	0.03456927794814608	0.248
9	0.039029829941455256	0.315
>10	0.13158628380262058	1.9529999999999998
>50	0.003345413994981879	0.21
>100	0.0	0.0
>500	0.0	0.0
>1k	0.0	0.0
>5k	0.0	0.0
>10k+	0.0	0.0
>>END_MODULE
>>Overrepresented sequences	pass
>>END_MODULE
>>Adapter Content	pass
#Position	Illumina Universal Adapter	Illumina Small RNA 3' Adapter	Illumina Small RNA 5' Adapter	Nextera Transposase Sequence	SOLID Small RNA Adapter
1	0.0	0.0	0.0	0.0	0.0
2	0.0	0.0	0.0	0.0	0.0
3	0.0	0.0	0.0	0.0	0.0
4	0.0	0.0	0.0	0.0	0.0
5	0.0	0.0	0.0	0.0	0.0
6	0.0	0.0	0.0	0.0	0.0
7	0.0	0.0	0.0	0.0	0.0
8	0.0	0.0	0.0	0.0	0.0
9	0.0	0.0	0.0	0.0	0.0
10-11	0.0	0.0	0.0	0.0	0.0
12-13	0.0	0.0	0.0	0.0	0.0
14-15	0.0	0.0	0.0	0.0	0.0
16-17	0.0	0.0	0.0	0.0	0.0
18-19	0.0	0.0	0.0	0.0	0.0
20-21	0.0	0.0	0.0	0.0	0.0
22-23	0.0	0.0	0.0	0.0	0.0
24-25	0.0	0.0	0.0	0.0	0.0
26-27	0.0	0.0	0.0	0.0	0.0
28-29	0.0	0.0	0.0	0.0	0.0
30-31	0.0	0.0	0.0	0.0	0.0
32-33	0.0	0.0	0.0	0.0	0.0
34-35	0.0	0.0	0.0	0.0	0.0
36-37	0.0	0.0	0.0	0.0	0.0
38-39	0.0	0.0	0.0	0.0	0.0
40-41	0.0	0.0	0.0	0.0	0.0
42-43	0.0	0.0	0.0	0.0	0.0
44-45	0.0	0.0	0.0	0.0	0.0
46-47	0.0	0.0	0.0	0.0	0.0
48-49	0.0	0.0	0.0	0.0	0.0
50-51	0.0	0.0	0.0	0.0	0.0
52-53	0.0	0.0	0.0	0.0	0.0
54-55	0.0	0.0	0.0	0.0	0.0
56-57	0.0	0.0	0.0	0.0	0.0
58-59	0.0	0.0	0.0	0.0	0.0
60-61	0.0	0.0	0.0	0.0	0.0
62-63	0.0	0.0	0.0	0.0	0.0
64-65	0.0	0.0	0.0	0.0	0.0
66-67	0.0	0.0	0.0	0.0	0.0
68-69	0.0	0.0	0.0	0.0	0.0
70-71	0.0	0.0	0.0	0.0	0.0
72-73	0.0	0.0	0.0	0.0	0.0
74-75	0.0	0.0	0.0	0.0	0.0
76-77	0.0	0.0	0.0	0.0	0.0
78-79	0.0	0.0	0.0	0.0	0.0
80-81	0.0	0.0	0.0	0.0	0.0
82-83	0.0	0.0	0.0	0.0	0.0
84-85	0.0	0.0	0.0	0.0	0.0
86-87	0.0	0.0	0.0	0.0	0.0
88-89	0.0	0.0	0.0	0.0	0.0
>>END_MODULE
