##FastQC	0.11.9
>>Basic Statistics	pass
#Measure	Value
Filename	Tco-582_1.fq.gz
File type	Conventional base calls
Encoding	Sanger / Illumina 1.9
Total Sequences	100000
Sequences flagged as poor quality	0
Sequence length	100
%GC	49
>>END_MODULE
>>Per base sequence quality	pass
#Base	Mean	Median	Lower Quartile	Upper Quartile	10th Percentile	90th Percentile
1	34.96237	37.0	35.0	37.0	29.0	37.0
2	35.2537	37.0	36.0	37.0	31.0	38.0
3	35.47491	37.0	36.0	37.0	31.0	38.0
4	35.50213	37.0	36.0	37.0	31.0	38.0
5	35.5274	37.0	36.0	37.0	31.0	38.0
6	35.48683	37.0	36.0	37.0	31.0	38.0
7	35.54275	37.0	36.0	37.0	32.0	38.0
8	35.59166	37.0	36.0	37.0	32.0	38.0
9	35.55604	37.0	36.0	37.0	31.0	38.0
10-11	35.48862	37.0	36.0	37.0	31.0	38.0
12-13	35.571925	37.0	36.0	37.0	31.5	38.0
14-15	35.54216	37.0	36.0	37.0	31.0	38.0
16-17	35.45742	37.0	36.0	37.0	31.0	38.0
18-19	35.38483	37.0	36.0	37.0	31.0	38.0
20-21	35.47799	37.0	36.0	37.0	31.0	38.0
22-23	35.451260000000005	37.0	36.0	37.0	31.0	38.0
24-25	35.459645	37.0	36.0	37.0	31.0	38.0
26-27	35.446775	37.0	36.0	37.0	31.0	38.0
28-29	35.462525	37.0	36.0	37.0	31.0	38.0
30-31	35.41552	37.0	36.0	37.0	31.0	38.0
32-33	35.412485000000004	37.0	36.0	37.0	31.0	38.0
34-35	35.421355	37.0	36.0	37.0	31.0	38.0
36-37	35.419855	37.0	36.0	37.0	31.0	38.0
38-39	35.38619	37.0	36.0	37.0	31.0	38.0
40-41	35.375215	37.0	36.0	37.0	31.0	38.0
42-43	35.393395	37.0	36.0	37.0	31.0	38.0
44-45	35.39246	37.0	36.0	37.0	31.0	38.0
46-47	35.37365	37.0	36.0	37.0	31.0	38.0
48-49	35.329865	37.0	36.0	37.0	31.0	38.0
50-51	35.23961	37.0	36.0	37.0	30.5	38.0
52-53	35.245925	37.0	36.0	37.0	30.5	38.0
54-55	35.224475	37.0	36.0	37.0	30.0	38.0
56-57	35.19543	37.0	35.5	37.0	30.5	38.0
58-59	35.226645000000005	37.0	35.5	37.0	30.5	38.0
60-61	35.15795	37.0	35.0	37.0	30.0	38.0
62-63	35.18322	37.0	36.0	37.0	30.0	38.0
64-65	35.07408	37.0	35.0	37.0	30.0	38.0
66-67	35.102665	37.0	35.0	37.0	30.0	38.0
68-69	35.10015	37.0	35.0	37.0	30.0	38.0
70-71	35.05261	37.0	35.0	37.0	30.0	38.0
72-73	35.02645	37.0	35.0	37.0	30.0	38.0
74-75	34.952085	37.0	35.0	37.0	29.5	38.0
76-77	34.913579999999996	37.0	35.0	37.0	29.5	38.0
78-79	34.913365	37.0	35.0	37.0	29.5	38.0
80-81	34.84045	37.0	35.0	37.0	29.0	38.0
82-83	34.811845	37.0	35.0	37.0	29.0	38.0
84-85	34.777699999999996	37.0	35.0	37.0	29.0	38.0
86-87	34.778915	37.0	35.0	37.0	29.0	38.0
88-89	34.70139	37.0	35.0	37.0	29.0	38.0
90-91	34.63471	37.0	35.0	37.0	28.0	38.0
92-93	34.572935	37.0	34.5	37.0	28.5	38.0
94-95	34.552279999999996	37.0	34.5	37.0	28.0	38.0
96-97	34.5073	37.0	34.5	37.0	28.0	38.0
98-99	34.418195	37.0	34.0	37.0	28.0	38.0
100	34.42207	37.0	34.0	37.0	28.0	38.0
>>END_MODULE
>>Per sequence quality scores	pass
#Quality	Count
21	1.0
22	11.0
23	49.0
24	113.0
25	265.0
26	456.0
27	747.0
28	1088.0
29	1708.0
30	2320.0
31	3152.0
32	4255.0
33	5940.0
34	9205.0
35	19178.0
36	47112.0
37	4400.0
>>END_MODULE
>>Per base sequence content	fail
#Base	G	A	T	C
1	41.398	11.955	9.418	37.229
2	27.926000000000002	18.305	36.237	17.532
3	24.215999999999998	21.762999999999998	23.071	30.95
4	28.083000000000002	29.731	20.679	21.507
5	24.692	30.880999999999997	23.998	20.429
6	20.739	33.186	26.483	19.592000000000002
7	19.939	16.927	40.247	22.887
8	23.538	21.883	28.201999999999998	26.377
9	23.081	21.142	29.59	26.186999999999998
10-11	25.0915	29.488500000000002	21.425	23.995
12-13	24.1745	23.122	27.901500000000002	24.802
14-15	23.889499999999998	25.2435	26.87	23.997
16-17	25.273	24.669	25.875500000000002	24.1825
18-19	24.895	24.9675	25.4945	24.643
20-21	24.9075	24.939	25.615	24.5385
22-23	25.1645	25.130000000000003	25.141000000000002	24.5645
24-25	25.194499999999998	25.1295	25.348	24.328
26-27	24.8695	25.096	25.467499999999998	24.567
28-29	25.0745	25.0	25.2015	24.724
30-31	24.8195	25.072	25.028	25.0805
32-33	24.868499999999997	24.935	25.4815	24.715
34-35	25.3245	24.834	25.149500000000003	24.692
36-37	24.9835	24.7055	25.441999999999997	24.869
38-39	24.954	24.9495	25.264999999999997	24.831500000000002
40-41	25.106499999999997	24.726	25.212	24.9555
42-43	24.8865	24.8535	25.413999999999998	24.846
44-45	24.979499999999998	25.026500000000002	25.3635	24.630499999999998
46-47	25.322499999999998	24.865499999999997	25.001	24.811
48-49	24.854499999999998	24.939	25.1365	25.069999999999997
50-51	24.828500000000002	24.776999999999997	25.354	25.040499999999998
52-53	25.253500000000003	24.685000000000002	25.270500000000002	24.791
54-55	25.068	24.511	25.048	25.373
56-57	24.808	24.9165	25.384	24.8915
58-59	25.331	24.79	25.024	24.855
60-61	25.021500000000003	24.729499999999998	25.155499999999996	25.093500000000002
62-63	24.83	24.87	25.345000000000002	24.955
64-65	25.1365	24.693	25.002999999999997	25.167499999999997
66-67	25.294	24.65	24.834	25.222
68-69	25.0625	24.6625	25.2075	25.0675
70-71	25.389499999999998	24.6125	25.107499999999998	24.8905
72-73	25.380999999999997	24.385	24.993499999999997	25.240499999999997
74-75	24.9195	24.514	25.52	25.046499999999998
76-77	25.229499999999998	24.4605	25.166500000000003	25.143500000000003
78-79	25.038	24.52	25.267	25.174999999999997
80-81	24.8675	24.6195	25.4465	25.0665
82-83	25.2875	24.404500000000002	25.0685	25.2395
84-85	24.989	24.308	25.479000000000003	25.224000000000004
86-87	24.8825	24.6045	25.412499999999998	25.100499999999997
88-89	25.1155	24.599	25.167	25.118499999999997
90-91	24.9995	24.5445	25.0975	25.3585
92-93	25.074	24.471999999999998	25.514	24.94
94-95	25.3235	24.571	24.914	25.1915
96-97	25.276	24.4745	25.002000000000002	25.247500000000002
98-99	24.935	24.862000000000002	25.2145	24.9885
100	25.206	24.683	24.794	25.317
>>END_MODULE
>>Per sequence GC content	pass
#GC Content	Count
0	0.0
1	0.0
2	0.0
3	0.0
4	0.0
5	0.0
6	0.5
7	1.0
8	1.0
9	1.0
10	1.0
11	1.0
12	1.5
13	2.5
14	3.0
15	3.0
16	2.5
17	4.0
18	8.5
19	12.0
20	14.0
21	17.0
22	22.5
23	31.0
24	49.0
25	74.5
26	97.0
27	133.5
28	185.5
29	266.5
30	343.0
31	410.5
32	498.5
33	627.0
34	793.0
35	954.0
36	1096.0
37	1261.0
38	1470.5
39	1668.5
40	1902.0
41	2199.5
42	2513.5
43	2829.0
44	3139.0
45	3422.5
46	3628.0
47	3966.5
48	4421.5
49	4623.0
50	4824.0
51	5052.5
52	4907.0
53	4749.5
54	4700.5
55	4490.0
56	4230.5
57	3969.5
58	3624.0
59	3196.5
60	2868.5
61	2548.0
62	2144.0
63	1721.5
64	1266.0
65	934.5
66	700.0
67	481.5
68	311.5
69	200.0
70	141.5
71	88.5
72	52.5
73	35.0
74	25.0
75	16.0
76	9.0
77	4.5
78	1.5
79	1.0
80	1.5
81	1.0
82	1.5
83	2.0
84	0.5
85	0.0
86	0.0
87	0.0
88	0.0
89	0.0
90	0.0
91	0.0
92	0.0
93	0.0
94	0.0
95	0.0
96	0.0
97	0.0
98	0.0
99	0.0
100	0.0
>>END_MODULE
>>Per base N content	pass
#Base	N-Count
1	0.0
2	0.0
3	0.0
4	0.0
5	0.0
6	0.0
7	0.0
8	0.0
9	0.0
10-11	0.0
12-13	0.0
14-15	0.0
16-17	0.0
18-19	0.0
20-21	0.0
22-23	0.0
24-25	0.0
26-27	0.0
28-29	0.0
30-31	0.0
32-33	0.0
34-35	0.0
36-37	0.0
38-39	0.0
40-41	0.0
42-43	0.0
44-45	0.0
46-47	0.0
48-49	0.0
50-51	0.0
52-53	0.0
54-55	0.0
56-57	0.0
58-59	0.0
60-61	0.0
62-63	0.0
64-65	0.0
66-67	0.0
68-69	0.0
70-71	0.0
72-73	0.0
74-75	0.0
76-77	0.0
78-79	0.0
80-81	0.0
82-83	0.0
84-85	0.0
86-87	0.0
88-89	0.0
90-91	0.0
92-93	0.0
94-95	0.0
96-97	0.0
98-99	0.0
100	0.0
>>END_MODULE
>>Sequence Length Distribution	pass
#Length	Count
100	100000.0
>>END_MODULE
>>Sequence Duplication Levels	pass
#Total Deduplicated Percentage	91.654
#Duplication Level	Percentage of deduplicated	Percentage of total
1	95.26589128679599	87.315
2	3.5044842560062843	6.424
3	0.5771706635826042	1.587
4	0.2280315098086281	0.836
5	0.11892552425426059	0.545
6	0.06546359133262052	0.36
7	0.03818709494402863	0.245
8	0.03818709494402863	0.27999999999999997
9	0.021821197110873502	0.18
>10	0.1396556615095904	2.064
>50	0.00218211971108735	0.164
>100	0.0	0.0
>500	0.0	0.0
>1k	0.0	0.0
>5k	0.0	0.0
>10k+	0.0	0.0
>>END_MODULE
>>Overrepresented sequences	pass
>>END_MODULE
>>Adapter Content	pass
#Position	Illumina Universal Adapter	Illumina Small RNA 3' Adapter	Illumina Small RNA 5' Adapter	Nextera Transposase Sequence	SOLID Small RNA Adapter
1	0.0	0.0	0.0	0.0	0.0
2	0.0	0.0	0.0	0.0	0.0
3	0.0	0.0	0.0	0.0	0.0
4	0.0	0.0	0.0	0.0	0.0
5	0.0	0.0	0.0	0.0	0.0
6	0.0	0.0	0.0	0.0	0.0
7	0.0	0.0	0.0	0.0	0.0
8	0.0	0.0	0.0	0.0	0.0
9	0.0	0.0	0.0	0.0	0.0
10-11	0.0	0.0	0.0	0.0	0.0
12-13	0.0	0.0	0.0	0.0	0.0
14-15	0.0	0.0	0.0	0.0	0.0
16-17	0.0	0.0	0.0	0.0	0.0
18-19	0.0	0.0	0.0	0.0	0.0
20-21	0.0	0.0	0.0	0.0	0.0
22-23	0.0	0.0	0.0	0.0	0.0
24-25	0.0	0.0	0.0	0.0	0.0
26-27	0.0	0.0	0.0	0.0	0.0
28-29	0.0	0.0	0.0	0.0	0.0
30-31	0.0	0.0	0.0	0.0	0.0
32-33	0.0	0.0	0.0	0.0	0.0
34-35	0.0	0.0	0.0	0.0	0.0
36-37	0.0	0.0	0.0	0.0	0.0
38-39	0.0	0.0	0.0	0.0	0.0
40-41	0.0	0.0	0.0	0.0	0.0
42-43	0.0	0.0	0.0	0.0	0.0
44-45	0.0	0.0	0.0	0.0	0.0
46-47	0.0	0.0	0.0	0.0	0.0
48-49	0.0	0.0	0.0	0.0	0.0
50-51	0.0	0.0	0.0	0.0	0.0
52-53	0.0	0.0	0.0	0.0	0.0
54-55	0.0	0.0	0.0	0.0	0.0
56-57	0.0	0.0	0.0	0.0	0.0
58-59	0.0	0.0	0.0	0.0	0.0
60-61	0.0	0.0	0.0	0.0	0.0
62-63	0.0	0.0	0.0	0.0	0.0
64-65	0.0	0.0	0.0	0.0	0.0
66-67	0.0	0.0	0.0	0.0	0.0
68-69	0.0	0.0	0.0	0.0	0.0
70-71	0.0	0.0	0.0	0.0	0.0
72-73	0.0	0.0	0.0	0.0	0.0
74-75	0.0	0.0	0.0	0.0	0.0
76-77	0.0	0.0	0.0	0.0	0.0
78-79	0.0	0.0	0.0	0.0	0.0
80-81	0.0	0.0	0.0	0.0	0.0
82-83	0.0	0.0	0.0	0.0	0.0
84-85	0.0	0.0	0.0	0.0	0.0
86-87	0.0	0.0	0.0	0.0	0.0
88-89	0.0	0.0	0.0	0.0	0.0
>>END_MODULE
