##FastQC	0.11.9
>>Basic Statistics	pass
#Measure	Value
Filename	Tco-949_1.fq.gz
File type	Conventional base calls
Encoding	Sanger / Illumina 1.9
Total Sequences	100000
Sequences flagged as poor quality	0
Sequence length	100
%GC	49
>>END_MODULE
>>Per base sequence quality	pass
#Base	Mean	Median	Lower Quartile	Upper Quartile	10th Percentile	90th Percentile
1	35.15638	37.0	36.0	37.0	30.0	37.0
2	35.19931	37.0	36.0	37.0	30.0	38.0
3	35.00902	37.0	36.0	37.0	30.0	38.0
4	35.45696	37.0	36.0	37.0	31.0	38.0
5	35.44028	37.0	36.0	37.0	31.0	38.0
6	35.46487	37.0	36.0	37.0	31.0	38.0
7	35.50886	37.0	36.0	37.0	31.0	38.0
8	35.50667	37.0	36.0	37.0	31.0	38.0
9	35.47436	37.0	36.0	37.0	31.0	38.0
10-11	35.450604999999996	37.0	36.0	37.0	31.0	38.0
12-13	35.494254999999995	37.0	36.0	37.0	31.0	38.0
14-15	35.47444	37.0	36.0	37.0	31.0	38.0
16-17	35.390985	37.0	36.0	37.0	31.0	38.0
18-19	35.40092	37.0	36.0	37.0	31.0	38.0
20-21	35.395075	37.0	36.0	37.0	31.0	38.0
22-23	35.37653	37.0	36.0	37.0	31.0	38.0
24-25	35.37371	37.0	36.0	37.0	31.0	38.0
26-27	35.36225	37.0	36.0	37.0	31.0	38.0
28-29	35.37253	37.0	36.0	37.0	31.0	38.0
30-31	35.363325	37.0	36.0	37.0	31.0	38.0
32-33	35.304705	37.0	36.0	37.0	31.0	38.0
34-35	35.325175	37.0	36.0	37.0	31.0	38.0
36-37	35.283919999999995	37.0	36.0	37.0	31.0	38.0
38-39	35.316075	37.0	36.0	37.0	31.0	38.0
40-41	35.283564999999996	37.0	36.0	37.0	31.0	38.0
42-43	35.267395	37.0	36.0	37.0	31.0	38.0
44-45	35.25036	37.0	36.0	37.0	31.0	38.0
46-47	35.22735	37.0	36.0	37.0	30.5	38.0
48-49	35.197100000000006	37.0	36.0	37.0	30.0	38.0
50-51	35.130335	37.0	35.0	37.0	30.0	38.0
52-53	35.126315000000005	37.0	35.0	37.0	30.0	38.0
54-55	35.11582	37.0	35.0	37.0	30.0	38.0
56-57	35.048649999999995	37.0	35.0	37.0	30.0	38.0
58-59	35.044169999999994	37.0	35.0	37.0	30.0	38.0
60-61	35.007125	37.0	35.0	37.0	30.0	38.0
62-63	34.97771	37.0	35.0	37.0	30.0	38.0
64-65	34.968615	37.0	35.0	37.0	30.0	38.0
66-67	34.91624	37.0	35.0	37.0	29.5	38.0
68-69	34.8686	37.0	35.0	37.0	29.0	38.0
70-71	34.834255	37.0	35.0	37.0	29.0	38.0
72-73	34.821535	37.0	35.0	37.0	29.0	38.0
74-75	34.730975	37.0	35.0	37.0	29.0	38.0
76-77	34.641755	37.0	35.0	37.0	28.5	38.0
78-79	34.65239	37.0	35.0	37.0	28.5	38.0
80-81	34.63292	37.0	35.0	37.0	29.0	38.0
82-83	34.59285	37.0	35.0	37.0	28.0	38.0
84-85	34.536175	37.0	34.5	37.0	28.0	38.0
86-87	34.470805	37.0	34.0	37.0	28.0	38.0
88-89	34.426925	37.0	34.0	37.0	28.0	38.0
90-91	34.35847	37.0	34.0	37.0	27.5	38.0
92-93	34.358940000000004	37.0	34.0	37.0	28.0	38.0
94-95	34.230785	37.0	34.0	37.0	27.0	38.0
96-97	34.24401	37.0	34.0	37.0	27.0	38.0
98-99	34.15018499999999	37.0	34.0	37.0	27.0	38.0
100	34.11132	37.0	34.0	37.0	27.0	38.0
>>END_MODULE
>>Per sequence quality scores	pass
#Quality	Count
22	30.0
23	79.0
24	122.0
25	299.0
26	531.0
27	856.0
28	1257.0
29	1901.0
30	2645.0
31	3475.0
32	4679.0
33	6594.0
34	10064.0
35	19244.0
36	44423.0
37	3801.0
>>END_MODULE
>>Per base sequence content	fail
#Base	G	A	T	C
1	43.425000000000004	11.486	8.722000000000001	36.367
2	29.078	17.086000000000002	35.113	18.723
3	24.901	21.208	21.990000000000002	31.901000000000003
4	28.641	29.232999999999997	20.379	21.747
5	25.263999999999996	29.982	24.275	20.479
6	21.253	33.004	26.403	19.34
7	20.128	17.504	39.995000000000005	22.373
8	23.474999999999998	22.426	28.376	25.723000000000003
9	22.987	21.645	30.044999999999998	25.323
10-11	24.909	29.788500000000003	21.729499999999998	23.573
12-13	24.235	23.372999999999998	27.691	24.701
14-15	23.9565	25.421	26.7785	23.844
16-17	25.2135	24.915499999999998	25.752999999999997	24.118000000000002
18-19	24.956500000000002	25.179499999999997	25.268	24.596
20-21	25.3115	25.338	25.272499999999997	24.078
22-23	25.2205	25.446	25.022	24.3115
24-25	25.020500000000002	25.478	25.062	24.4395
26-27	24.956500000000002	25.4855	25.2375	24.3205
28-29	25.0805	25.3345	25.3245	24.2605
30-31	25.205	25.139499999999998	25.1975	24.458
32-33	25.020999999999997	25.3255	25.238	24.4155
34-35	25.311	25.3425	24.933	24.4135
36-37	24.7855	25.356499999999997	25.214	24.644
38-39	24.9205	25.259500000000003	25.351000000000003	24.468999999999998
40-41	25.137500000000003	25.093500000000002	25.135999999999996	24.633
42-43	25.099	24.767	25.3845	24.749499999999998
44-45	25.086000000000002	25.078	25.161	24.675
46-47	25.162000000000003	25.108000000000004	25.041999999999998	24.688
48-49	25.067	24.9235	24.937	25.072499999999998
50-51	25.008999999999997	25.0735	25.319000000000003	24.5985
52-53	25.357000000000003	24.953500000000002	25.0845	24.605
54-55	25.228499999999997	24.718999999999998	25.038500000000003	25.013999999999996
56-57	24.8785	24.999	25.252000000000002	24.8705
58-59	25.027	25.088	25.108999999999998	24.776
60-61	24.813499999999998	24.884500000000003	25.358999999999998	24.943
62-63	24.8305	24.953500000000002	25.3005	24.915499999999998
64-65	24.9895	24.9465	25.0375	25.026500000000002
66-67	25.180999999999997	24.721	25.064999999999998	25.033
68-69	25.037	24.8335	25.134	24.9955
70-71	25.153	24.691	25.154	25.002000000000002
72-73	24.9745	24.482499999999998	25.296999999999997	25.246000000000002
74-75	24.9165	24.581	25.436999999999998	25.0655
76-77	25.2065	24.7365	25.0235	25.033499999999997
78-79	24.8245	24.6435	25.3255	25.2065
80-81	24.734	24.714	25.5	25.052000000000003
82-83	25.298	24.761	25.284499999999998	24.6565
84-85	25.032	24.566499999999998	25.2585	25.142999999999997
86-87	25.018	24.7415	25.089	25.1515
88-89	25.0905	24.934	25.165	24.810499999999998
90-91	25.0635	24.578500000000002	25.152	25.206
92-93	24.6295	24.853	25.377	25.1405
94-95	25.135999999999996	24.715500000000002	25.044499999999996	25.104
96-97	24.9435	24.606	25.294	25.156499999999998
98-99	24.990499999999997	24.9605	25.218	24.831
100	25.385999999999996	24.651999999999997	24.625	25.337
>>END_MODULE
>>Per sequence GC content	pass
#GC Content	Count
0	0.0
1	0.0
2	0.0
3	0.0
4	0.0
5	0.0
6	0.0
7	0.0
8	0.5
9	0.5
10	0.0
11	0.5
12	0.5
13	0.5
14	3.5
15	3.5
16	1.0
17	3.0
18	6.5
19	7.5
20	8.5
21	16.5
22	22.0
23	31.5
24	49.0
25	65.5
26	88.5
27	126.0
28	173.0
29	248.5
30	353.5
31	433.0
32	502.5
33	626.5
34	790.5
35	977.5
36	1182.0
37	1372.0
38	1557.0
39	1735.0
40	1957.5
41	2199.5
42	2569.0
43	2879.5
44	3120.5
45	3495.0
46	3823.0
47	4082.0
48	4373.5
49	4639.0
50	4803.0
51	4970.5
52	4957.0
53	4674.5
54	4531.5
55	4444.0
56	4195.5
57	3887.5
58	3550.0
59	3212.0
60	2832.5
61	2421.5
62	1997.0
63	1622.5
64	1252.5
65	957.0
66	714.5
67	491.5
68	334.0
69	216.5
70	152.5
71	98.5
72	59.5
73	34.0
74	21.5
75	15.5
76	7.0
77	6.0
78	5.5
79	2.0
80	1.5
81	3.5
82	2.5
83	0.5
84	0.5
85	0.0
86	0.0
87	0.0
88	0.0
89	0.0
90	0.0
91	0.0
92	0.0
93	0.0
94	0.0
95	0.0
96	0.0
97	0.0
98	0.0
99	0.0
100	0.0
>>END_MODULE
>>Per base N content	pass
#Base	N-Count
1	0.0
2	0.0
3	0.0
4	0.0
5	0.0
6	0.0
7	0.0
8	0.0
9	0.0
10-11	0.0
12-13	0.0
14-15	0.0
16-17	0.0
18-19	0.0
20-21	0.0
22-23	0.0
24-25	0.0
26-27	0.0
28-29	0.0
30-31	0.0
32-33	0.0
34-35	0.0
36-37	0.0
38-39	0.0
40-41	0.0
42-43	0.0
44-45	0.0
46-47	0.0
48-49	0.0
50-51	0.0
52-53	0.0
54-55	0.0
56-57	0.0
58-59	0.0
60-61	0.0
62-63	0.0
64-65	0.0
66-67	0.0
68-69	0.0
70-71	0.0
72-73	0.0
74-75	0.0
76-77	0.0
78-79	0.0
80-81	0.0
82-83	0.0
84-85	0.0
86-87	0.0
88-89	0.0
90-91	0.0
92-93	0.0
94-95	0.0
96-97	0.0
98-99	0.0
100	0.0
>>END_MODULE
>>Sequence Length Distribution	pass
#Length	Count
100	100000.0
>>END_MODULE
>>Sequence Duplication Levels	pass
#Total Deduplicated Percentage	91.988
#Duplication Level	Percentage of deduplicated	Percentage of total
1	94.49275992520764	86.922
2	4.223376962212463	7.7700000000000005
3	0.6816106448667217	1.881
4	0.2369874331434535	0.872
5	0.15328086272122451	0.705
6	0.04891942427273123	0.27
7	0.05435491585859025	0.35000000000000003
8	0.02826455624646693	0.208
9	0.015219376440405271	0.126
>10	0.0652258990303083	0.8959999999999999
>50	0.0	0.0
>100	0.0	0.0
>500	0.0	0.0
>1k	0.0	0.0
>5k	0.0	0.0
>10k+	0.0	0.0
>>END_MODULE
>>Overrepresented sequences	pass
>>END_MODULE
>>Adapter Content	pass
#Position	Illumina Universal Adapter	Illumina Small RNA 3' Adapter	Illumina Small RNA 5' Adapter	Nextera Transposase Sequence	SOLID Small RNA Adapter
1	0.0	0.0	0.0	0.0	0.0
2	0.0	0.0	0.0	0.0	0.0
3	0.0	0.0	0.0	0.0	0.0
4	0.0	0.0	0.0	0.0	0.0
5	0.0	0.0	0.0	0.0	0.0
6	0.0	0.0	0.0	0.0	0.0
7	0.0	0.0	0.0	0.0	0.0
8	0.0	0.0	0.0	0.0	0.0
9	0.0	0.0	0.0	0.0	0.0
10-11	0.0	0.0	0.0	0.0	0.0
12-13	0.0	0.0	0.0	0.0	0.0
14-15	0.0	0.0	0.0	0.0	0.0
16-17	0.0	0.0	0.0	0.0	0.0
18-19	0.0	0.0	0.0	0.0	0.0
20-21	0.0	0.0	0.0	0.0	0.0
22-23	0.0	0.0	0.0	0.0	0.0
24-25	0.0	0.0	0.0	0.0	0.0
26-27	0.0	0.0	0.0	0.0	0.0
28-29	0.0	0.0	0.0	0.0	0.0
30-31	0.0	0.0	0.0	0.0	0.0
32-33	0.0	0.0	0.0	0.0	0.0
34-35	0.0	0.0	0.0	0.0	0.0
36-37	0.0	0.0	0.0	0.0	0.0
38-39	0.0	0.0	0.0	0.0	0.0
40-41	0.0	0.0	0.0	0.0	0.0
42-43	0.0	0.0	0.0	0.0	0.0
44-45	0.0	0.0	0.0	0.0	0.0
46-47	0.0	0.0	0.0	0.0	0.0
48-49	0.0	0.0	0.0	0.0	0.0
50-51	0.0	0.0	0.0	0.0	0.0
52-53	0.0	0.0	0.0	0.0	0.0
54-55	0.0	0.0	0.0	0.0	0.0
56-57	0.0	0.0	0.0	0.0	0.0
58-59	0.0	0.0	0.0	0.0	0.0
60-61	0.0	0.0	0.0	0.0	0.0
62-63	0.0	0.0	0.0	0.0	0.0
64-65	0.0	0.0	0.0	0.0	0.0
66-67	0.0	0.0	0.0	0.0	0.0
68-69	0.0	0.0	0.0	0.0	0.0
70-71	0.0	0.0	0.0	0.0	0.0
72-73	0.0	0.0	0.0	0.0	0.0
74-75	0.0	0.0	0.0	0.0	0.0
76-77	0.0	0.0	0.0	0.0	0.0
78-79	0.0	0.0	0.0	0.0	0.0
80-81	0.0	0.0	0.0	0.0	0.0
82-83	0.0	0.0	0.0	0.0	0.0
84-85	0.0	0.0	0.0	0.0	0.0
86-87	0.0	0.0	0.0	0.0	0.0
88-89	0.0	0.0	0.0	0.0	0.0
>>END_MODULE
