##FastQC	0.11.9
>>Basic Statistics	pass
#Measure	Value
Filename	Tco-467_2.fq.gz
File type	Conventional base calls
Encoding	Sanger / Illumina 1.9
Total Sequences	100000
Sequences flagged as poor quality	0
Sequence length	100
%GC	50
>>END_MODULE
>>Per base sequence quality	pass
#Base	Mean	Median	Lower Quartile	Upper Quartile	10th Percentile	90th Percentile
1	34.98983	37.0	35.0	37.0	30.0	37.0
2	34.96148	37.0	35.0	37.0	30.0	37.0
3	35.11941	37.0	35.0	37.0	30.0	37.0
4	35.08822	37.0	35.0	37.0	30.0	37.0
5	34.9812	37.0	35.0	37.0	30.0	37.0
6	34.87354	37.0	35.0	37.0	29.0	37.0
7	34.94991	37.0	35.0	37.0	30.0	37.0
8	35.01282	37.0	35.0	37.0	30.0	37.0
9	34.92673	37.0	35.0	37.0	30.0	37.0
10-11	34.918035	37.0	35.0	37.0	29.5	37.0
12-13	34.936260000000004	37.0	35.0	37.0	29.5	37.0
14-15	34.86623	37.0	35.0	37.0	29.0	37.0
16-17	34.855549999999994	37.0	35.0	37.0	29.0	37.5
18-19	34.822315	37.0	35.0	37.0	29.0	37.0
20-21	34.78637500000001	37.0	35.0	37.0	29.0	37.5
22-23	34.737165000000005	37.0	35.0	37.0	29.0	37.5
24-25	34.724875	37.0	35.0	37.0	29.0	38.0
26-27	34.676375	37.0	35.0	37.0	29.0	38.0
28-29	34.636005	37.0	35.0	37.0	29.0	38.0
30-31	34.610625	37.0	35.0	37.0	28.0	38.0
32-33	34.55511	37.0	35.0	37.0	28.0	38.0
34-35	34.54961	37.0	35.0	37.0	28.0	38.0
36-37	34.50072	37.0	34.5	37.0	28.0	38.0
38-39	34.44515	37.0	34.0	37.0	28.0	38.0
40-41	34.396725	37.0	34.0	37.0	28.0	38.0
42-43	34.32156	37.0	34.0	37.0	27.5	38.0
44-45	34.281305	37.0	34.0	37.0	27.0	38.0
46-47	34.226699999999994	37.0	34.0	37.0	27.0	38.0
48-49	34.151605	37.0	34.0	37.0	27.0	37.5
50-51	34.12629	37.0	34.0	37.0	27.0	37.5
52-53	34.066655	37.0	34.0	37.0	26.5	37.5
54-55	34.01343	37.0	34.0	37.0	26.0	38.0
56-57	33.966985	37.0	34.0	37.0	26.0	38.0
58-59	33.911795	37.0	33.5	37.0	26.0	37.5
60-61	33.79787	37.0	33.0	37.0	26.0	37.0
62-63	33.68034	37.0	33.0	37.0	25.0	37.0
64-65	33.641375	37.0	33.0	37.0	25.0	37.0
66-67	33.606975000000006	37.0	33.0	37.0	25.0	37.0
68-69	33.5086	36.0	33.0	37.0	24.5	37.0
70-71	33.41251	36.0	33.0	37.0	24.0	37.0
72-73	33.380610000000004	36.0	32.0	37.0	24.0	37.0
74-75	33.345425	36.0	32.0	37.0	24.0	37.0
76-77	33.20403	36.0	32.0	37.0	24.0	37.0
78-79	33.131829999999994	36.0	32.0	37.0	23.0	37.0
80-81	33.044615	36.0	32.0	37.0	23.0	37.0
82-83	32.940855	36.0	32.0	37.0	23.0	37.0
84-85	32.873405	36.0	31.5	37.0	23.0	37.0
86-87	32.715005000000005	36.0	31.0	37.0	22.0	37.0
88-89	32.65742	36.0	31.0	37.0	22.0	37.0
90-91	32.548159999999996	36.0	31.0	37.0	22.0	37.0
92-93	32.432805	36.0	31.0	37.0	21.0	37.0
94-95	32.412099999999995	36.0	30.5	37.0	21.0	37.0
96-97	32.25047	36.0	30.0	37.0	21.0	37.0
98-99	32.07743	36.0	30.0	37.0	20.0	37.0
100	32.0372	36.0	30.0	37.0	20.0	37.0
>>END_MODULE
>>Per sequence quality scores	pass
#Quality	Count
21	38.0
22	187.0
23	503.0
24	1009.0
25	1285.0
26	1608.0
27	1961.0
28	2343.0
29	3043.0
30	3755.0
31	4973.0
32	6286.0
33	9315.0
34	13468.0
35	21946.0
36	26943.0
37	1337.0
>>END_MODULE
>>Per base sequence content	fail
#Base	G	A	T	C
1	43.415	11.482000000000001	8.918	36.185
2	29.425	18.037	33.045	19.493
3	25.257	22.201	21.553	30.989
4	29.219	29.982999999999997	19.48	21.318
5	25.501	31.471	22.785	20.243
6	21.208	34.207	25.147000000000002	19.438
7	20.449	17.575	38.931	23.044999999999998
8	23.989	22.525000000000002	27.239	26.247
9	23.402	21.974	28.775000000000002	25.849
10-11	25.608999999999998	29.9815	20.6675	23.742
12-13	24.677	23.7095	27.059	24.5545
14-15	24.3085	25.9565	25.666	24.069
16-17	25.4945	25.391000000000002	24.9	24.2145
18-19	25.271500000000003	25.572499999999998	24.654	24.502
20-21	25.287	25.738	24.6815	24.2935
22-23	25.489	25.4375	24.3075	24.766
24-25	25.55	25.461	24.688499999999998	24.3005
26-27	25.222499999999997	25.7565	24.6	24.421
28-29	25.4855	25.501	24.294	24.7195
30-31	25.381500000000003	25.361	24.256	25.0015
32-33	25.2455	25.5675	24.6035	24.5835
34-35	25.645	25.228499999999997	24.431	24.6955
36-37	25.314500000000002	25.226	24.722	24.7375
38-39	25.398500000000002	25.5	24.368000000000002	24.7335
40-41	25.526	25.279	24.366	24.829
42-43	25.333499999999997	25.332500000000003	24.3755	24.9585
44-45	25.455	25.375500000000002	24.4005	24.769
46-47	25.405	25.5965	24.2835	24.715
48-49	25.174999999999997	25.4075	24.422	24.9955
50-51	25.150499999999997	25.139499999999998	24.6	25.11
52-53	25.808999999999997	25.018	24.356	24.817
54-55	25.532500000000002	25.077500000000004	24.208	25.182
56-57	25.2445	25.355	24.4125	24.988
58-59	25.615	25.049	24.477	24.859
60-61	25.157	25.430000000000003	24.4725	24.9405
62-63	25.322	25.1045	24.491	25.082500000000003
64-65	25.612000000000002	25.073	24.398500000000002	24.9165
66-67	25.445	25.0435	24.2245	25.287
68-69	25.64	25.313999999999997	24.3685	24.6775
70-71	25.804	24.9025	24.337500000000002	24.956
72-73	25.741000000000003	24.7405	24.328500000000002	25.19
74-75	25.726	24.983	24.334500000000002	24.956500000000002
76-77	25.741500000000002	24.771	24.44	25.0475
78-79	25.467499999999998	24.988	24.3	25.2445
80-81	25.511	24.9745	24.517500000000002	24.997
82-83	25.8345	24.807000000000002	24.2515	25.107000000000003
84-85	25.568	24.653	24.4855	25.2935
86-87	25.3635	24.990000000000002	24.54	25.106499999999997
88-89	25.631500000000003	25.0865	24.27	25.012
90-91	25.6785	25.0685	24.0575	25.1955
92-93	25.7305	24.767	24.476	25.026500000000002
94-95	25.951999999999998	24.8675	23.852999999999998	25.327499999999997
96-97	25.989	24.6325	24.157500000000002	25.221
98-99	25.915	24.894	24.1125	25.0785
100	26.062	24.955	23.832	25.151
>>END_MODULE
>>Per sequence GC content	pass
#GC Content	Count
0	0.0
1	0.0
2	0.0
3	0.0
4	0.0
5	0.5
6	0.5
7	1.0
8	1.0
9	0.0
10	0.5
11	0.5
12	0.5
13	0.5
14	0.5
15	1.5
16	2.0
17	2.5
18	2.0
19	4.5
20	5.5
21	10.0
22	18.0
23	25.5
24	36.5
25	54.0
26	83.5
27	125.5
28	164.5
29	213.0
30	290.0
31	366.0
32	455.5
33	588.5
34	728.0
35	871.5
36	1052.5
37	1230.5
38	1417.5
39	1679.5
40	1943.5
41	2142.0
42	2402.0
43	2722.5
44	3032.5
45	3346.0
46	3561.5
47	3827.5
48	4199.5
49	4503.0
50	4677.5
51	4816.5
52	4849.0
53	4744.5
54	4662.0
55	4464.0
56	4201.5
57	3906.5
58	3643.5
59	3367.0
60	3051.5
61	2742.5
62	2333.5
63	1903.0
64	1501.5
65	1170.5
66	891.0
67	631.5
68	439.0
69	300.0
70	202.0
71	139.5
72	86.0
73	55.0
74	36.0
75	23.5
76	16.5
77	11.5
78	8.5
79	6.5
80	3.0
81	1.5
82	0.0
83	0.0
84	0.5
85	0.5
86	0.0
87	0.0
88	0.0
89	0.0
90	0.0
91	0.0
92	0.0
93	0.0
94	0.0
95	0.0
96	0.0
97	0.0
98	0.0
99	0.0
100	0.0
>>END_MODULE
>>Per base N content	pass
#Base	N-Count
1	0.0
2	0.0
3	0.0
4	0.0
5	0.0
6	0.0
7	0.0
8	0.0
9	0.0
10-11	0.0
12-13	0.0
14-15	0.0
16-17	0.0
18-19	0.0
20-21	0.0
22-23	0.0
24-25	0.0
26-27	0.0
28-29	0.0
30-31	0.0
32-33	0.0
34-35	0.0
36-37	0.0
38-39	0.0
40-41	0.0
42-43	0.0
44-45	0.0
46-47	0.0
48-49	0.0
50-51	0.0
52-53	0.0
54-55	0.0
56-57	0.0
58-59	0.0
60-61	0.0
62-63	0.0
64-65	0.0
66-67	0.0
68-69	0.0
70-71	0.0
72-73	0.0
74-75	0.0
76-77	0.0
78-79	0.0
80-81	0.0
82-83	0.0
84-85	0.0
86-87	0.0
88-89	0.0
90-91	0.0
92-93	0.0
94-95	0.0
96-97	0.0
98-99	0.0
100	0.0
>>END_MODULE
>>Sequence Length Distribution	pass
#Length	Count
100	100000.0
>>END_MODULE
>>Sequence Duplication Levels	pass
#Total Deduplicated Percentage	90.323
#Duplication Level	Percentage of deduplicated	Percentage of total
1	94.19859836365046	85.083
2	4.347729814111577	7.854
3	0.7085681387907842	1.92
4	0.24689171085991385	0.8920000000000001
5	0.14614217862559925	0.66
6	0.08192819104768442	0.44400000000000006
7	0.04871405954186642	0.308
8	0.03985695780698161	0.28800000000000003
9	0.03321413150581801	0.27
>10	0.14614217862559925	2.136
>50	0.002214275433721201	0.145
>100	0.0	0.0
>500	0.0	0.0
>1k	0.0	0.0
>5k	0.0	0.0
>10k+	0.0	0.0
>>END_MODULE
>>Overrepresented sequences	pass
>>END_MODULE
>>Adapter Content	pass
#Position	Illumina Universal Adapter	Illumina Small RNA 3' Adapter	Illumina Small RNA 5' Adapter	Nextera Transposase Sequence	SOLID Small RNA Adapter
1	0.0	0.0	0.0	0.0	0.0
2	0.0	0.0	0.0	0.0	0.0
3	0.0	0.0	0.0	0.0	0.0
4	0.0	0.0	0.0	0.0	0.0
5	0.0	0.0	0.0	0.0	0.0
6	0.0	0.0	0.0	0.0	0.0
7	0.0	0.0	0.0	0.0	0.0
8	0.0	0.0	0.0	0.0	0.0
9	0.0	0.0	0.0	0.0	0.0
10-11	0.0	0.0	0.0	0.0	0.0
12-13	0.0	0.0	0.0	0.0	0.0
14-15	0.0	0.0	0.0	0.0	0.0
16-17	0.0	0.0	0.0	0.0	0.0
18-19	0.0	0.0	0.0	0.0	0.0
20-21	0.0	0.0	0.0	0.0	0.0
22-23	0.0	0.0	0.0	0.0	0.0
24-25	0.0	0.0	0.0	0.0	0.0
26-27	0.0	0.0	0.0	0.0	0.0
28-29	0.0	0.0	0.0	0.0	0.0
30-31	0.0	0.0	0.0	0.0	0.0
32-33	0.0	0.0	0.0	0.0	0.0
34-35	0.0	0.0	0.0	0.0	0.0
36-37	0.0	0.0	0.0	0.0	0.0
38-39	0.0	0.0	0.0	0.0	0.0
40-41	0.0	0.0	0.0	0.0	0.0
42-43	0.0	0.0	0.0	0.0	0.0
44-45	0.0	0.0	0.0	0.0	0.0
46-47	0.0	0.0	0.0	0.0	0.0
48-49	0.0	0.0	0.0	0.0	0.0
50-51	0.0	0.0	0.0	0.0	0.0
52-53	0.0	0.0	0.0	0.0	0.0
54-55	0.0	0.0	0.0	0.0	0.0
56-57	0.0	0.0	0.0	0.0	0.0
58-59	0.0	0.0	0.0	0.0	0.0
60-61	0.0	0.0	0.0	0.0	0.0
62-63	0.0	0.0	0.0	0.0	0.0
64-65	0.0	0.0	0.0	0.0	0.0
66-67	0.0	0.0	0.0	0.0	0.0
68-69	0.0	0.0	0.0	0.0	0.0
70-71	0.0	0.0	0.0	0.0	0.0
72-73	0.0	0.0	0.0	0.0	0.0
74-75	0.0	0.0	0.0	0.0	0.0
76-77	0.0	0.0	0.0	0.0	0.0
78-79	0.0	0.0	0.0	0.0	0.0
80-81	0.0	0.0	0.0	0.0	0.0
82-83	0.0	0.0	0.0	0.0	0.0
84-85	0.0	0.0	0.0	0.0	0.0
86-87	0.0	0.0	0.0	0.0	0.0
88-89	0.0	0.0	0.0	0.0	0.0
>>END_MODULE
