##FastQC	0.11.9
>>Basic Statistics	pass
#Measure	Value
Filename	Tco-622_2.fq.gz
File type	Conventional base calls
Encoding	Sanger / Illumina 1.9
Total Sequences	100000
Sequences flagged as poor quality	0
Sequence length	100
%GC	50
>>END_MODULE
>>Per base sequence quality	pass
#Base	Mean	Median	Lower Quartile	Upper Quartile	10th Percentile	90th Percentile
1	35.3565	37.0	36.0	37.0	31.0	38.0
2	35.36724	37.0	36.0	37.0	31.0	38.0
3	35.53747	37.0	36.0	37.0	32.0	38.0
4	35.49734	37.0	36.0	37.0	32.0	38.0
5	35.4616	37.0	36.0	37.0	31.0	38.0
6	35.31873	37.0	36.0	37.0	31.0	38.0
7	35.34164	37.0	36.0	37.0	31.0	38.0
8	35.41737	37.0	36.0	37.0	31.0	38.0
9	35.37382	37.0	36.0	37.0	31.0	38.0
10-11	35.336495	37.0	36.0	37.0	31.0	38.0
12-13	35.385755	37.0	36.0	37.0	31.0	38.0
14-15	35.334875	37.0	36.0	37.0	31.0	38.0
16-17	35.307289999999995	37.0	36.0	37.0	31.0	38.0
18-19	35.33619	37.0	36.0	37.0	31.0	38.0
20-21	35.284285	37.0	36.0	37.0	31.0	38.0
22-23	35.26205	37.0	36.0	37.0	31.0	38.0
24-25	35.221630000000005	37.0	36.0	37.0	31.0	38.0
26-27	35.2325	37.0	36.0	37.0	31.0	38.0
28-29	35.234894999999995	37.0	35.5	37.0	31.0	38.0
30-31	35.10959	37.0	35.0	37.0	30.5	38.0
32-33	35.14108	37.0	35.0	37.0	30.0	38.0
34-35	35.151025000000004	37.0	35.0	37.0	30.5	38.0
36-37	35.10651	37.0	35.0	37.0	30.0	38.0
38-39	35.070385	37.0	35.0	37.0	30.0	38.0
40-41	35.047830000000005	37.0	35.0	37.0	30.0	38.0
42-43	35.021924999999996	37.0	35.0	37.0	30.0	38.0
44-45	34.95195	37.0	35.0	37.0	30.0	38.0
46-47	34.892805	37.0	35.0	37.0	30.0	38.0
48-49	34.871219999999994	37.0	35.0	37.0	29.0	38.0
50-51	34.874515	37.0	35.0	37.0	29.0	38.0
52-53	34.862145	37.0	35.0	37.0	29.0	38.0
54-55	34.818345	37.0	35.0	37.0	29.0	38.0
56-57	34.71349	37.0	35.0	37.0	29.0	38.0
58-59	34.73052	37.0	35.0	37.0	29.0	38.0
60-61	34.669905	37.0	35.0	37.0	29.0	38.0
62-63	34.650144999999995	37.0	35.0	37.0	29.0	38.0
64-65	34.48196	37.0	34.5	37.0	28.0	38.0
66-67	34.54934	37.0	34.5	37.0	28.0	38.0
68-69	34.519189999999995	37.0	34.0	37.0	28.0	38.0
70-71	34.45213	37.0	34.0	37.0	28.0	38.0
72-73	34.381325000000004	37.0	34.0	37.0	28.0	38.0
74-75	34.299695	37.0	34.0	37.0	27.5	38.0
76-77	34.23657	37.0	34.0	37.0	27.0	38.0
78-79	34.146945	37.0	34.0	37.0	27.0	38.0
80-81	34.091405	37.0	34.0	37.0	27.0	38.0
82-83	34.07633	37.0	34.0	37.0	27.0	38.0
84-85	34.06306	37.0	34.0	37.0	27.0	38.0
86-87	33.869344999999996	37.0	33.0	37.0	26.0	38.0
88-89	33.82513	37.0	33.0	37.0	26.0	38.0
90-91	33.772639999999996	37.0	33.0	37.0	26.0	38.0
92-93	33.689189999999996	36.0	33.0	37.0	25.0	38.0
94-95	33.652514999999994	36.0	33.0	37.0	25.0	38.0
96-97	33.51661	36.0	33.0	37.0	25.0	38.0
98-99	33.49411	36.0	32.5	37.0	24.5	38.0
100	33.4129	36.0	32.0	37.0	25.0	38.0
>>END_MODULE
>>Per sequence quality scores	pass
#Quality	Count
20	1.0
21	19.0
22	92.0
23	259.0
24	479.0
25	661.0
26	862.0
27	1134.0
28	1432.0
29	1859.0
30	2471.0
31	3392.0
32	4489.0
33	7015.0
34	12296.0
35	24613.0
36	36939.0
37	1987.0
>>END_MODULE
>>Per base sequence content	fail
#Base	G	A	T	C
1	43.38	11.548	8.926	36.146
2	29.313	18.21	33.354	19.123
3	25.335	21.776999999999997	21.73	31.158
4	29.4	29.746	19.689	21.165
5	25.202999999999996	31.223	23.243	20.331
6	21.357	33.928999999999995	25.429000000000002	19.285
7	20.555	17.556	38.975	22.914
8	24.085	22.544	27.362	26.009
9	23.533	21.856	28.89	25.721
10-11	25.461499999999997	30.095499999999998	20.8645	23.5785
12-13	24.6765	23.889	27.0745	24.36
14-15	24.215999999999998	25.887999999999998	25.894499999999997	24.0015
16-17	25.290499999999998	25.545	25.079	24.0855
18-19	24.866	25.5995	25.049500000000002	24.485
20-21	25.239	25.651000000000003	24.9055	24.2045
22-23	25.334	25.729999999999997	24.6005	24.3355
24-25	25.2435	25.5905	24.7445	24.421499999999998
26-27	25.064999999999998	25.592	24.811	24.532
28-29	25.35	25.5005	24.589	24.560499999999998
30-31	25.09	25.621	24.554000000000002	24.735
32-33	25.037	25.8495	24.5115	24.602
34-35	25.3595	25.596000000000004	24.4875	24.557000000000002
36-37	25.176	25.5535	24.755	24.515500000000003
38-39	24.919	25.801000000000002	24.5245	24.7555
40-41	25.345499999999998	25.312	24.609	24.7335
42-43	24.9815	25.22	24.728	25.070500000000003
44-45	25.0745	25.595499999999998	24.6765	24.6535
46-47	25.333	25.676	24.2885	24.7025
48-49	25.196	25.438499999999998	24.4295	24.936
50-51	25.078	25.2195	24.704	24.9985
52-53	25.5745	25.148	24.473	24.804499999999997
54-55	25.319999999999997	25.0615	24.4495	25.169000000000004
56-57	25.197000000000003	25.240499999999997	24.499499999999998	25.063000000000002
58-59	25.467499999999998	25.2505	24.528	24.754
60-61	25.055500000000002	25.4155	24.4395	25.089499999999997
62-63	25.3105	25.321500000000004	24.499499999999998	24.868499999999997
64-65	25.318	25.352999999999998	24.3175	25.011499999999998
66-67	25.387999999999998	25.036	24.435499999999998	25.1405
68-69	25.232	25.369000000000003	24.5185	24.8805
70-71	25.269000000000002	25.2585	24.584500000000002	24.887999999999998
72-73	25.405	24.8335	24.6585	25.102999999999998
74-75	25.373	24.886	24.6665	25.0745
76-77	25.273	25.108999999999998	24.549000000000003	25.069000000000003
78-79	25.247500000000002	24.9585	24.442	25.352000000000004
80-81	25.155499999999996	25.211499999999997	24.5385	25.094499999999996
82-83	25.426	24.877	24.5105	25.186500000000002
84-85	25.284499999999998	24.66	25.002999999999997	25.0525
86-87	24.9575	25.228	24.848	24.9665
88-89	25.141000000000002	25.194499999999998	24.609	25.055500000000002
90-91	25.115	24.9515	24.5115	25.422
92-93	25.349500000000003	24.878	24.8885	24.884
94-95	25.377	24.932000000000002	24.328500000000002	25.362499999999997
96-97	25.428	24.9095	24.4145	25.247999999999998
98-99	25.253999999999998	25.156	24.630499999999998	24.959500000000002
100	25.741999999999997	24.868000000000002	24.295	25.095
>>END_MODULE
>>Per sequence GC content	pass
#GC Content	Count
0	0.0
1	0.0
2	0.0
3	0.0
4	0.0
5	0.0
6	0.0
7	0.0
8	0.5
9	0.5
10	0.0
11	0.0
12	0.5
13	1.0
14	0.5
15	2.0
16	2.0
17	3.0
18	6.5
19	6.5
20	7.5
21	15.0
22	21.0
23	29.0
24	41.0
25	67.5
26	92.0
27	113.5
28	159.5
29	231.5
30	320.5
31	398.0
32	497.0
33	643.5
34	776.5
35	921.5
36	1065.0
37	1242.0
38	1498.0
39	1708.5
40	1928.5
41	2243.5
42	2562.0
43	2828.0
44	3143.5
45	3489.5
46	3677.5
47	3897.0
48	4347.5
49	4594.5
50	4709.5
51	4828.0
52	4728.0
53	4640.0
54	4569.0
55	4377.0
56	4196.0
57	3922.5
58	3589.0
59	3319.5
60	2976.0
61	2590.0
62	2204.0
63	1779.0
64	1394.0
65	1070.0
66	812.0
67	600.0
68	376.0
69	233.5
70	169.0
71	116.0
72	71.5
73	51.5
74	39.0
75	22.5
76	10.0
77	7.5
78	5.5
79	4.5
80	2.5
81	2.0
82	1.0
83	0.5
84	1.0
85	0.5
86	0.0
87	0.0
88	0.0
89	0.0
90	0.0
91	0.0
92	0.0
93	0.0
94	0.0
95	0.0
96	0.0
97	0.0
98	0.0
99	0.0
100	0.0
>>END_MODULE
>>Per base N content	pass
#Base	N-Count
1	0.0
2	0.0
3	0.0
4	0.0
5	0.0
6	0.0
7	0.0
8	0.0
9	0.0
10-11	0.0
12-13	0.0
14-15	0.0
16-17	0.0
18-19	0.0
20-21	0.0
22-23	0.0
24-25	0.0
26-27	0.0
28-29	0.0
30-31	0.0
32-33	0.0
34-35	0.0
36-37	0.0
38-39	0.0
40-41	0.0
42-43	0.0
44-45	0.0
46-47	0.0
48-49	0.0
50-51	0.0
52-53	0.0
54-55	0.0
56-57	0.0
58-59	0.0
60-61	0.0
62-63	0.0
64-65	0.0
66-67	0.0
68-69	0.0
70-71	0.0
72-73	0.0
74-75	0.0
76-77	0.0
78-79	0.0
80-81	0.0
82-83	0.0
84-85	0.0
86-87	0.0
88-89	0.0
90-91	0.0
92-93	0.0
94-95	0.0
96-97	0.0
98-99	0.0
100	0.0
>>END_MODULE
>>Sequence Length Distribution	pass
#Length	Count
100	100000.0
>>END_MODULE
>>Sequence Duplication Levels	pass
#Total Deduplicated Percentage	90.003
#Duplication Level	Percentage of deduplicated	Percentage of total
1	93.72020932635579	84.351
2	4.815395042387476	8.668
3	0.7155317044987389	1.932
4	0.264435629923447	0.9520000000000001
5	0.12777351866048908	0.575
6	0.09888559270246548	0.534
7	0.07666411119629346	0.483
8	0.03222114818394942	0.232
9	0.019999333355554816	0.16199999999999998
>10	0.1244402964345633	1.836
>50	0.004444296301234403	0.27499999999999997
>100	0.0	0.0
>500	0.0	0.0
>1k	0.0	0.0
>5k	0.0	0.0
>10k+	0.0	0.0
>>END_MODULE
>>Overrepresented sequences	pass
>>END_MODULE
>>Adapter Content	pass
#Position	Illumina Universal Adapter	Illumina Small RNA 3' Adapter	Illumina Small RNA 5' Adapter	Nextera Transposase Sequence	SOLID Small RNA Adapter
1	0.0	0.0	0.0	0.0	0.0
2	0.0	0.0	0.0	0.0	0.0
3	0.0	0.0	0.0	0.0	0.0
4	0.0	0.0	0.0	0.0	0.0
5	0.0	0.0	0.0	0.0	0.0
6	0.0	0.0	0.0	0.0	0.0
7	0.0	0.0	0.0	0.0	0.0
8	0.0	0.0	0.0	0.0	0.0
9	0.0	0.0	0.0	0.0	0.0
10-11	0.0	0.0	0.0	0.0	0.0
12-13	0.0	0.0	0.0	0.0	0.0
14-15	0.0	0.0	0.0	0.0	0.0
16-17	0.0	0.0	0.0	0.0	0.0
18-19	0.0	0.0	0.0	0.0	0.0
20-21	0.0	0.0	0.0	0.0	0.0
22-23	0.0	0.0	0.0	0.0	0.0
24-25	0.0	0.0	0.0	0.0	0.0
26-27	0.0	0.0	0.0	0.0	0.0
28-29	0.0	0.0	0.0	0.0	0.0
30-31	0.0	0.0	0.0	0.0	0.0
32-33	0.0	0.0	0.0	0.0	0.0
34-35	0.0	0.0	0.0	0.0	0.0
36-37	0.0	0.0	0.0	0.0	0.0
38-39	0.0	0.0	0.0	0.0	0.0
40-41	0.0	0.0	0.0	0.0	0.0
42-43	0.0	0.0	0.0	0.0	0.0
44-45	0.0	0.0	0.0	0.0	0.0
46-47	0.0	0.0	0.0	0.0	0.0
48-49	0.0	0.0	0.0	0.0	0.0
50-51	0.0	0.0	0.0	0.0	0.0
52-53	0.0	0.0	0.0	0.0	0.0
54-55	0.0	0.0	0.0	0.0	0.0
56-57	0.0	0.0	0.0	0.0	0.0
58-59	0.0	0.0	0.0	0.0	0.0
60-61	0.0	0.0	0.0	0.0	0.0
62-63	0.0	0.0	0.0	0.0	0.0
64-65	0.0	0.0	0.0	0.0	0.0
66-67	0.0	0.0	0.0	0.0	0.0
68-69	0.0	0.0	0.0	0.0	0.0
70-71	0.0	0.0	0.0	0.0	0.0
72-73	0.0	0.0	0.0	0.0	0.0
74-75	0.0	0.0	0.0	0.0	0.0
76-77	0.0	0.0	0.0	0.0	0.0
78-79	0.0	0.0	0.0	0.0	0.0
80-81	0.0	0.0	0.0	0.0	0.0
82-83	0.0	0.0	0.0	0.0	0.0
84-85	0.0	0.0	0.0	0.0	0.0
86-87	0.0	0.0	0.0	0.0	0.0
88-89	0.0	0.0	0.0	0.0	0.0
>>END_MODULE
