##FastQC	0.11.9
>>Basic Statistics	pass
#Measure	Value
Filename	Tco-392_1.fq.gz
File type	Conventional base calls
Encoding	Sanger / Illumina 1.9
Total Sequences	100000
Sequences flagged as poor quality	0
Sequence length	100
%GC	49
>>END_MODULE
>>Per base sequence quality	pass
#Base	Mean	Median	Lower Quartile	Upper Quartile	10th Percentile	90th Percentile
1	35.00632	37.0	35.0	37.0	30.0	37.0
2	35.10237	37.0	35.0	37.0	30.0	38.0
3	34.9205	37.0	35.0	37.0	30.0	38.0
4	35.3554	37.0	36.0	37.0	31.0	38.0
5	35.3258	37.0	36.0	37.0	31.0	38.0
6	35.36168	37.0	36.0	37.0	31.0	38.0
7	35.39686	37.0	36.0	37.0	31.0	38.0
8	35.39662	37.0	36.0	37.0	31.0	38.0
9	35.35598	37.0	36.0	37.0	31.0	38.0
10-11	35.33457	37.0	36.0	37.0	31.0	38.0
12-13	35.399035	37.0	36.0	37.0	31.0	38.0
14-15	35.369375000000005	37.0	36.0	37.0	31.0	38.0
16-17	35.305324999999996	37.0	36.0	37.0	31.0	38.0
18-19	35.296375	37.0	36.0	37.0	31.0	38.0
20-21	35.288655000000006	37.0	36.0	37.0	31.0	38.0
22-23	35.26807	37.0	36.0	37.0	31.0	38.0
24-25	35.28017	37.0	36.0	37.0	31.0	38.0
26-27	35.24886	37.0	36.0	37.0	31.0	38.0
28-29	35.25526	37.0	36.0	37.0	31.0	38.0
30-31	35.23838	37.0	36.0	37.0	30.5	38.0
32-33	35.212505	37.0	36.0	37.0	30.5	38.0
34-35	35.248504999999994	37.0	36.0	37.0	31.0	38.0
36-37	35.202780000000004	37.0	35.5	37.0	30.5	38.0
38-39	35.193415	37.0	35.5	37.0	30.5	38.0
40-41	35.17379	37.0	35.0	37.0	30.0	38.0
42-43	35.14618	37.0	35.0	37.0	30.0	38.0
44-45	35.1409	37.0	35.0	37.0	30.0	38.0
46-47	35.143705	37.0	35.0	37.0	30.0	38.0
48-49	35.09507	37.0	35.0	37.0	30.0	38.0
50-51	35.021705	37.0	35.0	37.0	30.0	38.0
52-53	35.022385	37.0	35.0	37.0	30.0	38.0
54-55	34.957080000000005	37.0	35.0	37.0	30.0	38.0
56-57	34.928525	37.0	35.0	37.0	29.5	38.0
58-59	34.912	37.0	35.0	37.0	29.0	38.0
60-61	34.88465	37.0	35.0	37.0	29.0	38.0
62-63	34.853645	37.0	35.0	37.0	29.0	38.0
64-65	34.856094999999996	37.0	35.0	37.0	29.0	38.0
66-67	34.81602	37.0	35.0	37.0	29.0	38.0
68-69	34.763295	37.0	35.0	37.0	29.0	38.0
70-71	34.719995	37.0	35.0	37.0	29.0	38.0
72-73	34.723789999999994	37.0	35.0	37.0	29.0	38.0
74-75	34.63166	37.0	35.0	37.0	28.5	38.0
76-77	34.530010000000004	37.0	35.0	37.0	28.0	38.0
78-79	34.55786500000001	37.0	35.0	37.0	28.0	38.0
80-81	34.529115000000004	37.0	34.5	37.0	28.0	38.0
82-83	34.471785	37.0	34.5	37.0	28.0	38.0
84-85	34.436054999999996	37.0	34.0	37.0	28.0	38.0
86-87	34.40876	37.0	34.0	37.0	28.0	38.0
88-89	34.312995	37.0	34.0	37.0	27.5	38.0
90-91	34.234225	37.0	34.0	37.0	27.0	38.0
92-93	34.258005	37.0	34.0	37.0	27.0	38.0
94-95	34.13608	37.0	34.0	37.0	27.0	38.0
96-97	34.16046	37.0	34.0	37.0	27.0	38.0
98-99	34.059340000000006	37.0	34.0	37.0	26.5	38.0
100	33.98426	37.0	34.0	37.0	26.0	38.0
>>END_MODULE
>>Per sequence quality scores	pass
#Quality	Count
22	13.0
23	64.0
24	176.0
25	298.0
26	499.0
27	928.0
28	1386.0
29	2035.0
30	2906.0
31	3857.0
32	5123.0
33	7003.0
34	10367.0
35	19846.0
36	41723.0
37	3776.0
>>END_MODULE
>>Per base sequence content	fail
#Base	G	A	T	C
1	41.988	12.162	8.984	36.866
2	28.286	18.310000000000002	35.685	17.718999999999998
3	23.98	22.112000000000002	22.82	31.087999999999997
4	28.291	29.997	20.681	21.031
5	24.935	30.56	24.014	20.491
6	20.452	33.588	26.568	19.392
7	20.171	17.009	40.308	22.512
8	23.537	22.215	27.901999999999997	26.346000000000004
9	23.049	21.047	29.841	26.063
10-11	25.247999999999998	29.39	21.5515	23.8105
12-13	24.2135	23.202	27.811999999999998	24.7725
14-15	23.974500000000003	25.2635	26.769	23.993000000000002
16-17	25.072	25.1155	25.770500000000002	24.041999999999998
18-19	25.0075	25.327499999999997	25.3115	24.3535
20-21	24.897	25.380000000000003	25.345000000000002	24.378
22-23	25.1455	25.3295	25.044499999999996	24.4805
24-25	25.240499999999997	25.0365	25.283499999999997	24.4395
26-27	24.982	25.290499999999998	25.256	24.4715
28-29	25.180999999999997	25.314999999999998	24.9845	24.5195
30-31	25.1245	25.1975	24.808	24.87
32-33	24.7795	25.271500000000003	25.2865	24.6625
34-35	25.197999999999997	25.112000000000002	24.9585	24.7315
36-37	25.0105	24.898999999999997	25.283	24.807499999999997
38-39	24.917	25.089	25.127	24.867
40-41	25.0915	24.881	25.137999999999998	24.8895
42-43	25.0085	24.865499999999997	25.205499999999997	24.9205
44-45	25.032	24.993499999999997	25.211499999999997	24.762999999999998
46-47	25.136999999999997	24.932499999999997	25.1475	24.783
48-49	24.965	24.7365	25.247000000000003	25.051499999999997
50-51	24.915499999999998	24.762	25.3065	25.016
52-53	25.258999999999997	24.740000000000002	25.2375	24.7635
54-55	25.3025	24.7075	24.943	25.047000000000004
56-57	24.853	25.036	25.0695	25.0415
58-59	25.1835	24.8945	25.0925	24.8295
60-61	25.0585	24.644	25.2245	25.073
62-63	25.083	24.807499999999997	25.1975	24.912
64-65	25.186999999999998	24.7845	24.943	25.0855
66-67	25.224999999999998	24.698999999999998	24.826	25.25
68-69	25.169000000000004	24.8055	25.2525	24.773
70-71	25.282500000000002	24.691499999999998	25.078	24.948
72-73	25.2625	24.386	25.189	25.162499999999998
74-75	24.8435	24.506	25.365	25.2855
76-77	25.285000000000004	24.549000000000003	25.1265	25.039499999999997
78-79	25.142999999999997	24.6505	25.107499999999998	25.099
80-81	25.055	24.6535	25.2805	25.011
82-83	25.3175	24.715	25.003999999999998	24.9635
84-85	25.039	24.397	25.394499999999997	25.1695
86-87	24.93	24.5005	25.4965	25.073
88-89	25.177500000000002	24.863	25.019000000000002	24.9405
90-91	25.047000000000004	24.560000000000002	24.973	25.419999999999998
92-93	25.080000000000002	24.728	24.94	25.252000000000002
94-95	25.230999999999998	24.904	24.832	25.033
96-97	25.289	24.6285	24.918000000000003	25.1645
98-99	24.905	24.9525	25.061	25.081500000000002
100	25.639	24.465999999999998	24.853	25.041999999999998
>>END_MODULE
>>Per sequence GC content	pass
#GC Content	Count
0	0.0
1	0.0
2	0.0
3	0.0
4	0.0
5	0.0
6	0.0
7	0.0
8	0.5
9	0.5
10	0.0
11	0.5
12	0.5
13	0.0
14	1.0
15	1.5
16	2.0
17	3.5
18	5.0
19	10.5
20	12.0
21	15.0
22	26.5
23	31.5
24	44.5
25	70.0
26	100.0
27	136.5
28	169.0
29	245.5
30	342.5
31	423.0
32	534.0
33	670.0
34	791.0
35	935.5
36	1122.0
37	1285.0
38	1479.0
39	1691.5
40	1906.5
41	2227.0
42	2556.0
43	2865.0
44	3207.0
45	3469.0
46	3633.0
47	3955.5
48	4380.0
49	4615.5
50	4744.0
51	4952.5
52	4892.5
53	4672.0
54	4623.5
55	4446.5
56	4158.5
57	3892.5
58	3643.5
59	3313.0
60	2967.0
61	2629.5
62	2169.0
63	1682.0
64	1278.0
65	942.5
66	673.5
67	473.0
68	311.5
69	196.0
70	133.5
71	87.5
72	51.0
73	34.5
74	24.5
75	16.5
76	10.5
77	4.0
78	4.5
79	4.0
80	1.5
81	1.0
82	0.5
83	0.0
84	0.5
85	1.0
86	0.5
87	0.0
88	0.0
89	0.0
90	0.0
91	0.0
92	0.0
93	0.0
94	0.0
95	0.0
96	0.0
97	0.0
98	0.0
99	0.0
100	0.0
>>END_MODULE
>>Per base N content	pass
#Base	N-Count
1	0.0
2	0.0
3	0.0
4	0.0
5	0.0
6	0.0
7	0.0
8	0.0
9	0.0
10-11	0.0
12-13	0.0
14-15	0.0
16-17	0.0
18-19	0.0
20-21	0.0
22-23	0.0
24-25	0.0
26-27	0.0
28-29	0.0
30-31	0.0
32-33	0.0
34-35	0.0
36-37	0.0
38-39	0.0
40-41	0.0
42-43	0.0
44-45	0.0
46-47	0.0
48-49	0.0
50-51	0.0
52-53	0.0
54-55	0.0
56-57	0.0
58-59	0.0
60-61	0.0
62-63	0.0
64-65	0.0
66-67	0.0
68-69	0.0
70-71	0.0
72-73	0.0
74-75	0.0
76-77	0.0
78-79	0.0
80-81	0.0
82-83	0.0
84-85	0.0
86-87	0.0
88-89	0.0
90-91	0.0
92-93	0.0
94-95	0.0
96-97	0.0
98-99	0.0
100	0.0
>>END_MODULE
>>Sequence Length Distribution	pass
#Length	Count
100	100000.0
>>END_MODULE
>>Sequence Duplication Levels	pass
#Total Deduplicated Percentage	90.046
#Duplication Level	Percentage of deduplicated	Percentage of total
1	94.1096772760589	84.74199999999999
2	4.415520955955845	7.951999999999999
3	0.6885369699931146	1.8599999999999999
4	0.27430424449725693	0.988
5	0.1410390244985896	0.635
6	0.07107478399928925	0.384
7	0.05885880549941141	0.371
8	0.03331630499966683	0.24
9	0.04442173999955579	0.36
>10	0.15880772049841194	2.2110000000000003
>50	0.004442173999955578	0.257
>100	0.0	0.0
>500	0.0	0.0
>1k	0.0	0.0
>5k	0.0	0.0
>10k+	0.0	0.0
>>END_MODULE
>>Overrepresented sequences	pass
>>END_MODULE
>>Adapter Content	pass
#Position	Illumina Universal Adapter	Illumina Small RNA 3' Adapter	Illumina Small RNA 5' Adapter	Nextera Transposase Sequence	SOLID Small RNA Adapter
1	0.0	0.0	0.0	0.0	0.0
2	0.0	0.0	0.0	0.0	0.0
3	0.0	0.0	0.0	0.0	0.0
4	0.0	0.0	0.0	0.0	0.0
5	0.0	0.0	0.0	0.0	0.0
6	0.0	0.0	0.0	0.0	0.0
7	0.0	0.0	0.0	0.0	0.0
8	0.0	0.0	0.0	0.0	0.0
9	0.0	0.0	0.0	0.0	0.0
10-11	0.0	0.0	0.0	0.0	0.0
12-13	0.0	0.0	0.0	0.0	0.0
14-15	0.0	0.0	0.0	0.0	0.0
16-17	0.0	0.0	0.0	0.0	0.0
18-19	0.0	0.0	0.0	0.0	0.0
20-21	0.0	0.0	0.0	0.0	0.0
22-23	0.0	0.0	0.0	0.0	0.0
24-25	0.0	0.0	0.0	0.0	0.0
26-27	0.0	0.0	0.0	0.0	0.0
28-29	0.0	0.0	0.0	0.0	0.0
30-31	0.0	0.0	0.0	0.0	0.0
32-33	0.0	0.0	0.0	0.0	0.0
34-35	0.0	0.0	0.0	0.0	0.0
36-37	0.0	0.0	0.0	0.0	0.0
38-39	0.0	0.0	0.0	0.0	0.0
40-41	0.0	0.0	0.0	0.0	0.0
42-43	0.0	0.0	0.0	0.0	0.0
44-45	0.0	0.0	0.0	0.0	0.0
46-47	0.0	0.0	0.0	0.0	0.0
48-49	0.0	0.0	0.0	0.0	0.0
50-51	0.0	0.0	0.0	0.0	0.0
52-53	0.0	0.0	0.0	0.0	0.0
54-55	0.0	0.0	0.0	0.0	0.0
56-57	0.0	0.0	0.0	0.0	0.0
58-59	0.0	0.0	0.0	0.0	0.0
60-61	0.0	0.0	0.0	0.0	0.0
62-63	0.0	0.0	0.0	0.0	0.0
64-65	0.0	0.0	0.0	0.0	0.0
66-67	0.0	0.0	0.0	0.0	0.0
68-69	0.0	0.0	0.0	0.0	0.0
70-71	0.0	0.0	0.0	0.0	0.0
72-73	0.0	0.0	0.0	0.0	0.0
74-75	0.0	0.0	0.0	0.0	0.0
76-77	0.0	0.0	0.0	0.0	0.0
78-79	0.0	0.0	0.0	0.0	0.0
80-81	0.0	0.0	0.0	0.0	0.0
82-83	0.0	0.0	0.0	0.0	0.0
84-85	0.0	0.0	0.0	0.0	0.0
86-87	0.0	0.0	0.0	0.0	0.0
88-89	0.0	0.0	0.0	0.0	0.0
>>END_MODULE
