##FastQC	0.11.9
>>Basic Statistics	pass
#Measure	Value
Filename	Tco-229_2.fq.gz
File type	Conventional base calls
Encoding	Sanger / Illumina 1.9
Total Sequences	100000
Sequences flagged as poor quality	0
Sequence length	100
%GC	49
>>END_MODULE
>>Per base sequence quality	pass
#Base	Mean	Median	Lower Quartile	Upper Quartile	10th Percentile	90th Percentile
1	35.23683	37.0	36.0	37.0	31.0	37.0
2	35.21679	37.0	36.0	37.0	31.0	37.0
3	35.4174	37.0	36.0	37.0	31.0	38.0
4	35.4058	37.0	36.0	37.0	31.0	38.0
5	35.39712	37.0	36.0	37.0	31.0	38.0
6	35.20831	37.0	36.0	37.0	31.0	38.0
7	35.21848	37.0	36.0	37.0	31.0	38.0
8	35.30727	37.0	36.0	37.0	31.0	38.0
9	35.24223	37.0	36.0	37.0	31.0	38.0
10-11	35.22716	37.0	36.0	37.0	30.5	38.0
12-13	35.286424999999994	37.0	36.0	37.0	31.0	38.0
14-15	35.233095	37.0	36.0	37.0	31.0	38.0
16-17	35.180080000000004	37.0	36.0	37.0	30.5	38.0
18-19	35.213944999999995	37.0	36.0	37.0	30.5	38.0
20-21	35.17342	37.0	35.5	37.0	30.5	38.0
22-23	35.128895	37.0	35.0	37.0	30.0	38.0
24-25	35.114000000000004	37.0	35.0	37.0	30.0	38.0
26-27	35.119780000000006	37.0	35.0	37.0	30.0	38.0
28-29	35.10798	37.0	35.0	37.0	30.0	38.0
30-31	35.004685	37.0	35.0	37.0	30.0	38.0
32-33	35.0047	37.0	35.0	37.0	30.0	38.0
34-35	35.00967	37.0	35.0	37.0	30.0	38.0
36-37	34.98841	37.0	35.0	37.0	30.0	38.0
38-39	34.946799999999996	37.0	35.0	37.0	30.0	38.0
40-41	34.934709999999995	37.0	35.0	37.0	30.0	38.0
42-43	34.872024999999994	37.0	35.0	37.0	29.0	38.0
44-45	34.80565	37.0	35.0	37.0	29.0	38.0
46-47	34.75471	37.0	35.0	37.0	29.0	38.0
48-49	34.741655	37.0	35.0	37.0	29.0	38.0
50-51	34.741150000000005	37.0	35.0	37.0	29.0	38.0
52-53	34.70506	37.0	35.0	37.0	29.0	38.0
54-55	34.6616	37.0	35.0	37.0	29.0	38.0
56-57	34.57349	37.0	35.0	37.0	28.0	38.0
58-59	34.58477	37.0	35.0	37.0	28.0	38.0
60-61	34.525800000000004	37.0	34.5	37.0	28.0	38.0
62-63	34.47631	37.0	34.0	37.0	28.0	38.0
64-65	34.31181	37.0	34.0	37.0	27.5	38.0
66-67	34.38154	37.0	34.0	37.0	28.0	38.0
68-69	34.350939999999994	37.0	34.0	37.0	28.0	38.0
70-71	34.289339999999996	37.0	34.0	37.0	27.5	38.0
72-73	34.209005	37.0	34.0	37.0	27.0	38.0
74-75	34.147855	37.0	34.0	37.0	27.0	38.0
76-77	34.07136	37.0	34.0	37.0	27.0	38.0
78-79	34.01098	37.0	34.0	37.0	26.5	38.0
80-81	33.919585	37.0	33.0	37.0	26.0	38.0
82-83	33.8856	37.0	33.0	37.0	26.0	38.0
84-85	33.836780000000005	37.0	33.0	37.0	26.0	38.0
86-87	33.711745	37.0	33.0	37.0	25.0	38.0
88-89	33.6331	36.5	33.0	37.0	25.0	38.0
90-91	33.53841	36.0	33.0	37.0	25.0	38.0
92-93	33.481134999999995	36.0	33.0	37.0	25.0	38.0
94-95	33.439350000000005	36.0	33.0	37.0	24.0	38.0
96-97	33.325435	36.0	32.0	37.0	24.0	38.0
98-99	33.289725	36.0	32.0	37.0	24.0	38.0
100	33.197	36.0	32.0	37.0	24.0	38.0
>>END_MODULE
>>Per sequence quality scores	pass
#Quality	Count
21	21.0
22	140.0
23	268.0
24	595.0
25	817.0
26	987.0
27	1302.0
28	1595.0
29	2084.0
30	2764.0
31	3618.0
32	5138.0
33	7312.0
34	12156.0
35	23561.0
36	35604.0
37	2038.0
>>END_MODULE
>>Per base sequence content	fail
#Base	G	A	T	C
1	42.238	11.948	8.998000000000001	36.815999999999995
2	29.182000000000002	18.212	34.041	18.565
3	24.261	22.117	22.34	31.282
4	28.357	30.291	20.201	21.151
5	24.766	31.435000000000002	23.49	20.308999999999997
6	21.107	33.617999999999995	25.944	19.331
7	20.446	17.204	39.481	22.869
8	23.623	22.182	27.733999999999998	26.461000000000002
9	23.404	21.596	29.377	25.623
10-11	25.2255	29.9255	20.968500000000002	23.880499999999998
12-13	24.451	23.764499999999998	27.1295	24.654999999999998
14-15	24.2685	25.579	26.114500000000003	24.038
16-17	25.369999999999997	25.268	25.3	24.062
18-19	25.0635	25.506	24.959500000000002	24.471
20-21	24.996499999999997	25.857000000000003	24.8475	24.299
22-23	25.2085	25.737	24.5245	24.529999999999998
24-25	25.155499999999996	25.9575	24.542	24.345
26-27	24.951	25.71	24.942	24.397
28-29	25.117	25.7315	24.808	24.343500000000002
30-31	25.100499999999997	25.75	24.6765	24.473
32-33	25.331500000000002	25.6775	24.5725	24.4185
34-35	25.3715	25.52	24.5115	24.596999999999998
36-37	24.9135	25.5355	24.712	24.839
38-39	24.8255	25.6765	24.851	24.647
40-41	25.439	25.128	24.6635	24.7695
42-43	25.138500000000004	25.275	24.728	24.8585
44-45	25.046499999999998	25.4465	24.8115	24.6955
46-47	25.1595	25.507999999999996	24.621499999999997	24.711
48-49	25.141999999999996	25.3535	24.6635	24.840999999999998
50-51	25.089499999999997	25.634	24.6945	24.582
52-53	25.3365	25.227500000000003	24.65	24.786
54-55	25.1475	25.197000000000003	24.684	24.9715
56-57	25.1035	25.4155	24.676000000000002	24.805
58-59	25.112499999999997	25.507	24.571	24.8095
60-61	25.162000000000003	25.216499999999996	24.6235	24.998
62-63	24.9525	25.3685	24.869	24.81
64-65	25.277500000000003	25.3045	24.645500000000002	24.7725
66-67	25.089	25.0915	24.7845	25.035
68-69	25.169999999999998	25.2135	24.9065	24.709999999999997
70-71	25.1645	25.067	24.659	25.1095
72-73	25.0545	24.993499999999997	24.743499999999997	25.2085
74-75	25.091	25.039	24.917	24.953
76-77	25.3635	24.989	24.6205	25.027
78-79	24.996	25.049	24.770500000000002	25.1845
80-81	24.9865	25.2635	24.7575	24.9925
82-83	25.118000000000002	25.229000000000003	24.786	24.867
84-85	25.0045	25.1805	24.726	25.089
86-87	25.0685	25.173499999999997	24.6775	25.0805
88-89	25.179000000000002	25.256	24.665	24.9
90-91	25.105	25.0305	24.8485	25.016
92-93	24.9195	25.206	24.901	24.9735
94-95	25.237	25.102999999999998	24.609	25.051000000000002
96-97	25.14	25.023	24.737000000000002	25.1
98-99	25.131999999999998	25.2575	24.820500000000003	24.79
100	25.639	25.088	24.272	25.001
>>END_MODULE
>>Per sequence GC content	pass
#GC Content	Count
0	0.0
1	0.0
2	0.0
3	0.0
4	0.0
5	0.5
6	0.5
7	0.0
8	0.0
9	1.0
10	1.0
11	1.5
12	2.5
13	1.5
14	1.5
15	3.0
16	4.0
17	4.5
18	6.0
19	8.0
20	11.0
21	14.0
22	16.0
23	26.5
24	46.0
25	66.0
26	83.5
27	122.5
28	191.0
29	261.5
30	340.5
31	402.5
32	490.5
33	636.0
34	789.0
35	939.0
36	1136.0
37	1345.5
38	1473.5
39	1715.0
40	1989.0
41	2279.5
42	2652.5
43	2867.0
44	3119.0
45	3462.5
46	3823.0
47	4129.5
48	4333.0
49	4548.5
50	4766.5
51	4914.0
52	4811.0
53	4640.0
54	4591.0
55	4463.0
56	4203.5
57	3852.5
58	3499.0
59	3254.0
60	2885.0
61	2451.0
62	2001.5
63	1591.5
64	1333.0
65	1036.0
66	749.5
67	539.0
68	380.5
69	253.5
70	163.0
71	97.5
72	58.0
73	38.5
74	27.0
75	18.0
76	11.5
77	7.0
78	5.0
79	5.0
80	3.0
81	1.0
82	0.5
83	2.5
84	2.0
85	0.0
86	0.0
87	0.0
88	0.0
89	0.0
90	0.5
91	0.5
92	0.0
93	0.0
94	0.0
95	0.0
96	0.0
97	0.0
98	0.0
99	0.0
100	0.0
>>END_MODULE
>>Per base N content	pass
#Base	N-Count
1	0.0
2	0.0
3	0.0
4	0.0
5	0.0
6	0.0
7	0.0
8	0.0
9	0.0
10-11	0.0
12-13	0.0
14-15	0.0
16-17	0.0
18-19	0.0
20-21	0.0
22-23	0.0
24-25	0.0
26-27	0.0
28-29	0.0
30-31	0.0
32-33	0.0
34-35	0.0
36-37	0.0
38-39	0.0
40-41	0.0
42-43	0.0
44-45	0.0
46-47	0.0
48-49	0.0
50-51	0.0
52-53	0.0
54-55	0.0
56-57	0.0
58-59	0.0
60-61	0.0
62-63	0.0
64-65	0.0
66-67	0.0
68-69	0.0
70-71	0.0
72-73	0.0
74-75	0.0
76-77	0.0
78-79	0.0
80-81	0.0
82-83	0.0
84-85	0.0
86-87	0.0
88-89	0.0
90-91	0.0
92-93	0.0
94-95	0.0
96-97	0.0
98-99	0.0
100	0.0
>>END_MODULE
>>Sequence Length Distribution	pass
#Length	Count
100	100000.0
>>END_MODULE
>>Sequence Duplication Levels	pass
#Total Deduplicated Percentage	91.161
#Duplication Level	Percentage of deduplicated	Percentage of total
1	93.73525959566042	85.45
2	4.832110222573249	8.81
3	0.7667752657386382	2.097
4	0.2665613584756639	0.972
5	0.1338291593993045	0.61
6	0.09104770680444488	0.498
7	0.059235857439036435	0.378
8	0.030714889042463337	0.22399999999999998
9	0.030714889042463337	0.252
>10	0.053751055824310834	0.709
>50	0.0	0.0
>100	0.0	0.0
>500	0.0	0.0
>1k	0.0	0.0
>5k	0.0	0.0
>10k+	0.0	0.0
>>END_MODULE
>>Overrepresented sequences	pass
>>END_MODULE
>>Adapter Content	pass
#Position	Illumina Universal Adapter	Illumina Small RNA 3' Adapter	Illumina Small RNA 5' Adapter	Nextera Transposase Sequence	SOLID Small RNA Adapter
1	0.0	0.0	0.0	0.0	0.0
2	0.0	0.0	0.0	0.0	0.0
3	0.0	0.0	0.0	0.0	0.0
4	0.0	0.0	0.0	0.0	0.0
5	0.0	0.0	0.0	0.0	0.0
6	0.0	0.0	0.0	0.0	0.0
7	0.0	0.0	0.0	0.0	0.0
8	0.0	0.0	0.0	0.0	0.0
9	0.0	0.0	0.0	0.0	0.0
10-11	0.0	0.0	0.0	0.0	0.0
12-13	0.0	0.0	0.0	0.0	0.0
14-15	0.0	0.0	0.0	0.0	0.0
16-17	0.0	0.0	0.0	0.0	0.0
18-19	0.0	0.0	0.0	0.0	0.0
20-21	0.0	0.0	0.0	0.0	0.0
22-23	0.0	0.0	0.0	0.0	0.0
24-25	0.0	0.0	0.0	0.0	0.0
26-27	0.0	0.0	0.0	0.0	0.0
28-29	0.0	0.0	0.0	0.0	0.0
30-31	0.0	0.0	0.0	0.0	0.0
32-33	0.0	0.0	0.0	0.0	0.0
34-35	0.0	0.0	0.0	0.0	0.0
36-37	0.0	0.0	0.0	0.0	0.0
38-39	0.0	0.0	0.0	0.0	0.0
40-41	0.0	0.0	0.0	0.0	0.0
42-43	0.0	0.0	0.0	0.0	0.0
44-45	0.0	0.0	0.0	0.0	0.0
46-47	0.0	0.0	0.0	0.0	0.0
48-49	0.0	0.0	0.0	0.0	0.0
50-51	0.0	0.0	0.0	0.0	0.0
52-53	0.0	0.0	0.0	0.0	0.0
54-55	0.0	0.0	0.0	0.0	0.0
56-57	0.0	0.0	0.0	0.0	0.0
58-59	0.0	0.0	0.0	0.0	0.0
60-61	0.0	0.0	0.0	0.0	0.0
62-63	0.0	0.0	0.0	0.0	0.0
64-65	0.0	0.0	0.0	0.0	0.0
66-67	0.0	0.0	0.0	0.0	0.0
68-69	0.0	0.0	0.0	0.0	0.0
70-71	0.0	0.0	0.0	0.0	0.0
72-73	0.0	0.0	0.0	0.0	0.0
74-75	0.0	0.0	0.0	0.0	0.0
76-77	0.0	0.0	0.0	0.0	0.0
78-79	0.0	0.0	0.0	0.0	0.0
80-81	0.0	0.0	0.0	0.0	0.0
82-83	0.0	0.0	0.0	0.0	0.0
84-85	0.0	0.0	0.0	0.0	0.0
86-87	0.0	0.0	0.0	0.0	0.0
88-89	0.0	0.0	0.0	0.0	0.0
>>END_MODULE
