##FastQC	0.11.9
>>Basic Statistics	pass
#Measure	Value
Filename	Tco-483_1.fq.gz
File type	Conventional base calls
Encoding	Sanger / Illumina 1.9
Total Sequences	100000
Sequences flagged as poor quality	0
Sequence length	100
%GC	49
>>END_MODULE
>>Per base sequence quality	pass
#Base	Mean	Median	Lower Quartile	Upper Quartile	10th Percentile	90th Percentile
1	34.83926	37.0	35.0	37.0	29.0	37.0
2	35.12201	37.0	35.0	37.0	30.0	38.0
3	35.36949	37.0	36.0	37.0	31.0	38.0
4	35.37675	37.0	36.0	37.0	31.0	38.0
5	35.39836	37.0	36.0	37.0	31.0	38.0
6	35.38081	37.0	36.0	37.0	31.0	38.0
7	35.44894	37.0	36.0	37.0	31.0	38.0
8	35.40177	37.0	36.0	37.0	31.0	38.0
9	35.46679	37.0	36.0	37.0	31.0	38.0
10-11	35.39351	37.0	36.0	37.0	31.0	38.0
12-13	35.480515	37.0	36.0	37.0	31.0	38.0
14-15	35.425405	37.0	36.0	37.0	31.0	38.0
16-17	35.362359999999995	37.0	36.0	37.0	31.0	38.0
18-19	35.330015	37.0	36.0	37.0	31.0	38.0
20-21	35.371475000000004	37.0	36.0	37.0	31.0	38.0
22-23	35.339075	37.0	36.0	37.0	31.0	38.0
24-25	35.375875	37.0	36.0	37.0	31.0	38.0
26-27	35.310815	37.0	36.0	37.0	31.0	38.0
28-29	35.364959999999996	37.0	36.0	37.0	31.0	38.0
30-31	35.310955	37.0	36.0	37.0	31.0	38.0
32-33	35.277825	37.0	36.0	37.0	31.0	38.0
34-35	35.318560000000005	37.0	36.0	37.0	31.0	38.0
36-37	35.293940000000006	37.0	36.0	37.0	31.0	38.0
38-39	35.293215000000004	37.0	36.0	37.0	31.0	38.0
40-41	35.21474	37.0	36.0	37.0	30.5	38.0
42-43	35.224180000000004	37.0	36.0	37.0	30.5	38.0
44-45	35.234015	37.0	36.0	37.0	31.0	38.0
46-47	35.274519999999995	37.0	36.0	37.0	31.0	38.0
48-49	35.24706	37.0	36.0	37.0	30.5	38.0
50-51	35.140119999999996	37.0	35.5	37.0	30.0	38.0
52-53	35.095225	37.0	35.0	37.0	30.0	38.0
54-55	35.12888	37.0	35.0	37.0	30.0	38.0
56-57	35.059115	37.0	35.0	37.0	30.0	38.0
58-59	35.083055	37.0	35.0	37.0	30.0	38.0
60-61	35.075450000000004	37.0	35.0	37.0	30.0	38.0
62-63	35.08783	37.0	35.0	37.0	30.0	38.0
64-65	34.988735000000005	37.0	35.0	37.0	29.5	38.0
66-67	35.01404	37.0	35.0	37.0	30.0	38.0
68-69	34.993295	37.0	35.0	37.0	30.0	38.0
70-71	34.913055	37.0	35.0	37.0	29.0	38.0
72-73	34.889195	37.0	35.0	37.0	29.0	38.0
74-75	34.8339	37.0	35.0	37.0	29.0	38.0
76-77	34.783339999999995	37.0	35.0	37.0	29.0	38.0
78-79	34.800335000000004	37.0	35.0	37.0	29.0	38.0
80-81	34.698395	37.0	35.0	37.0	29.0	38.0
82-83	34.640344999999996	37.0	35.0	37.0	28.5	38.0
84-85	34.66088499999999	37.0	35.0	37.0	28.5	38.0
86-87	34.629085	37.0	35.0	37.0	28.5	38.0
88-89	34.553145	37.0	35.0	37.0	28.0	38.0
90-91	34.48107	37.0	34.5	37.0	28.0	38.0
92-93	34.42542	37.0	34.0	37.0	28.0	38.0
94-95	34.430634999999995	37.0	34.0	37.0	28.0	38.0
96-97	34.35205	37.0	34.0	37.0	28.0	38.0
98-99	34.291785000000004	37.0	34.0	37.0	27.0	38.0
100	34.2548	37.0	34.0	37.0	27.0	38.0
>>END_MODULE
>>Per sequence quality scores	pass
#Quality	Count
21	4.0
22	13.0
23	49.0
24	131.0
25	297.0
26	507.0
27	818.0
28	1258.0
29	1819.0
30	2528.0
31	3657.0
32	4624.0
33	6390.0
34	9722.0
35	19172.0
36	44930.0
37	4081.0
>>END_MODULE
>>Per base sequence content	fail
#Base	G	A	T	C
1	41.236	12.278	9.178	37.308
2	28.335	18.01	36.109	17.546
3	23.707	21.496000000000002	23.344	31.452999999999996
4	27.991	29.776999999999997	20.814	21.418
5	24.48	30.836999999999996	24.403	20.28
6	20.488	33.172000000000004	26.866	19.474
7	20.125	16.983	40.432	22.46
8	23.214000000000002	21.965	28.188000000000002	26.633000000000003
9	22.905	21.176000000000002	29.813000000000002	26.106
10-11	25.2205	29.273	21.648	23.8585
12-13	24.160999999999998	23.1405	27.838	24.8605
14-15	23.9435	25.183	26.728	24.145500000000002
16-17	25.151	24.77	26.0475	24.0315
18-19	25.033	25.036	25.455499999999997	24.4755
20-21	25.054	25.1035	25.344	24.4985
22-23	24.953500000000002	25.3715	25.137999999999998	24.537
24-25	25.0655	24.895	25.4965	24.543
26-27	24.837999999999997	25.311	25.237	24.614
28-29	25.020500000000002	25.037	25.1085	24.834
30-31	24.947	24.9655	25.21	24.8775
32-33	24.791	25.0655	25.509999999999998	24.6335
34-35	25.2675	25.002000000000002	24.8565	24.874
36-37	25.070500000000003	24.97	25.341	24.618499999999997
38-39	25.0365	24.8365	25.360500000000002	24.7665
40-41	25.163000000000004	24.895500000000002	25.032500000000002	24.909
42-43	24.8395	24.7805	25.291999999999998	25.088
44-45	25.2065	24.8425	25.208000000000002	24.743000000000002
46-47	25.128	24.922	24.9845	24.9655
48-49	24.89	24.786	25.2355	25.088500000000003
50-51	24.878	24.623	25.3645	25.1345
52-53	25.203999999999997	24.788	25.1455	24.8625
54-55	25.008000000000003	24.72	25.188	25.084
56-57	24.8535	24.7315	25.380000000000003	25.035
58-59	25.287	24.637999999999998	25.1305	24.9445
60-61	24.9285	24.5725	25.3095	25.1895
62-63	24.9205	24.5935	25.2925	25.1935
64-65	25.240000000000002	24.505	25.144499999999997	25.110500000000002
66-67	25.121	24.5625	24.9855	25.331
68-69	25.079	24.5495	25.269000000000002	25.1025
70-71	25.228	24.534	25.2325	25.0055
72-73	25.284000000000002	24.3525	25.172	25.1915
74-75	25.0715	24.4755	25.438	25.014999999999997
76-77	25.3	24.5365	25.124000000000002	25.039499999999997
78-79	24.9655	24.4665	25.28	25.288
80-81	24.9745	24.678	25.326500000000003	25.020999999999997
82-83	25.221	24.4835	25.21	25.0855
84-85	24.8975	24.3645	25.4395	25.2985
86-87	24.792	24.561	25.576	25.070999999999998
88-89	24.924	24.8295	25.269000000000002	24.9775
90-91	25.026500000000002	24.6865	24.8125	25.4745
92-93	25.0355	24.4425	25.539499999999997	24.982499999999998
94-95	25.211	24.7655	24.966	25.057499999999997
96-97	25.448500000000003	24.386	24.876	25.289499999999997
98-99	25.203999999999997	24.704	25.148	24.944
100	25.332	24.701999999999998	24.683	25.283
>>END_MODULE
>>Per sequence GC content	pass
#GC Content	Count
0	0.0
1	0.0
2	0.0
3	0.0
4	0.0
5	0.0
6	0.0
7	0.0
8	0.0
9	0.0
10	0.5
11	1.0
12	1.0
13	1.5
14	1.5
15	1.5
16	2.5
17	3.0
18	3.5
19	6.5
20	11.0
21	18.0
22	25.5
23	38.5
24	51.5
25	63.5
26	98.5
27	162.5
28	205.0
29	244.0
30	322.5
31	387.0
32	479.5
33	609.0
34	754.0
35	946.0
36	1100.5
37	1270.0
38	1434.5
39	1600.5
40	1926.5
41	2214.0
42	2479.0
43	2812.0
44	3112.0
45	3452.5
46	3753.5
47	4074.0
48	4426.0
49	4688.5
50	4890.5
51	4949.0
52	4977.0
53	4869.0
54	4693.5
55	4491.5
56	4192.5
57	3918.5
58	3663.5
59	3310.0
60	2838.0
61	2479.0
62	2094.5
63	1642.0
64	1248.5
65	920.5
66	692.5
67	493.0
68	307.5
69	202.0
70	136.5
71	84.5
72	48.0
73	27.5
74	16.5
75	11.5
76	5.5
77	3.0
78	4.5
79	3.5
80	1.5
81	2.0
82	1.0
83	0.0
84	0.0
85	0.0
86	0.0
87	0.0
88	0.0
89	0.0
90	0.0
91	0.0
92	0.0
93	0.0
94	0.0
95	0.0
96	0.0
97	0.0
98	0.0
99	0.0
100	0.0
>>END_MODULE
>>Per base N content	pass
#Base	N-Count
1	0.0
2	0.0
3	0.0
4	0.0
5	0.0
6	0.0
7	0.0
8	0.0
9	0.0
10-11	0.0
12-13	0.0
14-15	0.0
16-17	0.0
18-19	0.0
20-21	0.0
22-23	0.0
24-25	0.0
26-27	0.0
28-29	0.0
30-31	0.0
32-33	0.0
34-35	0.0
36-37	0.0
38-39	0.0
40-41	0.0
42-43	0.0
44-45	0.0
46-47	0.0
48-49	0.0
50-51	0.0
52-53	0.0
54-55	0.0
56-57	0.0
58-59	0.0
60-61	0.0
62-63	0.0
64-65	0.0
66-67	0.0
68-69	0.0
70-71	0.0
72-73	0.0
74-75	0.0
76-77	0.0
78-79	0.0
80-81	0.0
82-83	0.0
84-85	0.0
86-87	0.0
88-89	0.0
90-91	0.0
92-93	0.0
94-95	0.0
96-97	0.0
98-99	0.0
100	0.0
>>END_MODULE
>>Sequence Length Distribution	pass
#Length	Count
100	100000.0
>>END_MODULE
>>Sequence Duplication Levels	pass
#Total Deduplicated Percentage	91.217
#Duplication Level	Percentage of deduplicated	Percentage of total
1	94.57557253582117	86.26899999999999
2	4.158216121994804	7.585999999999999
3	0.585417191970795	1.6019999999999999
4	0.2411831127969567	0.88
5	0.11730269576942895	0.5349999999999999
6	0.07893265509718583	0.432
7	0.060295778199239175	0.385
8	0.04604404880669173	0.336
9	0.01754059002159685	0.14400000000000002
>10	0.11620640889307914	1.653
>50	0.0032888606290494096	0.178
>100	0.0	0.0
>500	0.0	0.0
>1k	0.0	0.0
>5k	0.0	0.0
>10k+	0.0	0.0
>>END_MODULE
>>Overrepresented sequences	pass
>>END_MODULE
>>Adapter Content	pass
#Position	Illumina Universal Adapter	Illumina Small RNA 3' Adapter	Illumina Small RNA 5' Adapter	Nextera Transposase Sequence	SOLID Small RNA Adapter
1	0.0	0.0	0.0	0.0	0.0
2	0.0	0.0	0.0	0.0	0.0
3	0.0	0.0	0.0	0.0	0.0
4	0.0	0.0	0.0	0.0	0.0
5	0.0	0.0	0.0	0.0	0.0
6	0.0	0.0	0.0	0.0	0.0
7	0.0	0.0	0.0	0.0	0.0
8	0.0	0.0	0.0	0.0	0.0
9	0.0	0.0	0.0	0.0	0.0
10-11	0.0	0.0	0.0	0.0	0.0
12-13	0.0	0.0	0.0	0.0	0.0
14-15	0.0	0.0	0.0	0.0	0.0
16-17	0.0	0.0	0.0	0.0	0.0
18-19	0.0	0.0	0.0	0.0	0.0
20-21	0.0	0.0	0.0	0.0	0.0
22-23	0.0	0.0	0.0	0.0	0.0
24-25	0.0	0.0	0.0	0.0	0.0
26-27	0.0	0.0	0.0	0.0	0.0
28-29	0.0	0.0	0.0	0.0	0.0
30-31	0.0	0.0	0.0	0.0	0.0
32-33	0.0	0.0	0.0	0.0	0.0
34-35	0.0	0.0	0.0	0.0	0.0
36-37	0.0	0.0	0.0	0.0	0.0
38-39	0.0	0.0	0.0	0.0	0.0
40-41	0.0	0.0	0.0	0.0	0.0
42-43	0.0	0.0	0.0	0.0	0.0
44-45	0.0	0.0	0.0	0.0	0.0
46-47	0.0	0.0	0.0	0.0	0.0
48-49	0.0	0.0	0.0	0.0	0.0
50-51	0.0	0.0	0.0	0.0	0.0
52-53	0.0	0.0	0.0	0.0	0.0
54-55	0.0	0.0	0.0	0.0	0.0
56-57	0.0	0.0	0.0	0.0	0.0
58-59	0.0	0.0	0.0	0.0	0.0
60-61	0.0	0.0	0.0	0.0	0.0
62-63	0.0	0.0	0.0	0.0	0.0
64-65	0.0	0.0	0.0	0.0	0.0
66-67	0.0	0.0	0.0	0.0	0.0
68-69	0.0	0.0	0.0	0.0	0.0
70-71	0.0	0.0	0.0	0.0	0.0
72-73	0.0	0.0	0.0	0.0	0.0
74-75	0.0	0.0	0.0	0.0	0.0
76-77	0.0	0.0	0.0	0.0	0.0
78-79	0.0	0.0	0.0	0.0	0.0
80-81	0.0	0.0	0.0	0.0	0.0
82-83	0.0	0.0	0.0	0.0	0.0
84-85	0.0	0.0	0.0	0.0	0.0
86-87	0.0	0.0	0.0	0.0	0.0
88-89	0.0	0.0	0.0	0.0	0.0
>>END_MODULE
