##FastQC	0.11.9
>>Basic Statistics	pass
#Measure	Value
Filename	Tco-907_2.fq.gz
File type	Conventional base calls
Encoding	Sanger / Illumina 1.9
Total Sequences	100000
Sequences flagged as poor quality	0
Sequence length	100
%GC	50
>>END_MODULE
>>Per base sequence quality	pass
#Base	Mean	Median	Lower Quartile	Upper Quartile	10th Percentile	90th Percentile
1	35.13284	37.0	36.0	37.0	30.0	37.0
2	35.13371	37.0	36.0	37.0	30.0	37.0
3	35.26479	37.0	36.0	37.0	31.0	38.0
4	35.26582	37.0	36.0	37.0	31.0	38.0
5	35.18063	37.0	36.0	37.0	30.0	38.0
6	35.07173	37.0	35.0	37.0	30.0	38.0
7	35.15614	37.0	36.0	37.0	30.0	38.0
8	35.19641	37.0	36.0	37.0	30.0	38.0
9	35.13752	37.0	36.0	37.0	30.0	38.0
10-11	35.120000000000005	37.0	35.5	37.0	30.0	38.0
12-13	35.142065	37.0	35.5	37.0	30.0	38.0
14-15	35.098564999999994	37.0	35.0	37.0	30.0	38.0
16-17	35.085245	37.0	35.0	37.0	30.0	38.0
18-19	35.066069999999996	37.0	35.0	37.0	30.0	38.0
20-21	35.016485	37.0	35.0	37.0	30.0	38.0
22-23	34.973555000000005	37.0	35.0	37.0	30.0	38.0
24-25	34.94639	37.0	35.0	37.0	30.0	38.0
26-27	34.937215	37.0	35.0	37.0	29.5	38.0
28-29	34.89211	37.0	35.0	37.0	29.0	38.0
30-31	34.869925	37.0	35.0	37.0	29.0	38.0
32-33	34.83731	37.0	35.0	37.0	29.0	38.0
34-35	34.816860000000005	37.0	35.0	37.0	29.0	38.0
36-37	34.777595	37.0	35.0	37.0	29.0	38.0
38-39	34.73934	37.0	35.0	37.0	29.0	38.0
40-41	34.701935	37.0	35.0	37.0	29.0	38.0
42-43	34.63287	37.0	35.0	37.0	28.5	38.0
44-45	34.58072	37.0	35.0	37.0	28.0	38.0
46-47	34.536604999999994	37.0	35.0	37.0	28.0	38.0
48-49	34.46983	37.0	34.5	37.0	28.0	38.0
50-51	34.461855	37.0	34.0	37.0	28.0	38.0
52-53	34.382684999999995	37.0	34.0	37.0	28.0	38.0
54-55	34.36062	37.0	34.0	37.0	28.0	38.0
56-57	34.30914	37.0	34.0	37.0	27.0	38.0
58-59	34.259945	37.0	34.0	37.0	27.0	38.0
60-61	34.175965	37.0	34.0	37.0	27.0	38.0
62-63	34.080600000000004	37.0	34.0	37.0	27.0	38.0
64-65	34.032795	37.0	34.0	37.0	26.5	38.0
66-67	34.0503	37.0	34.0	37.0	26.5	38.0
68-69	33.89721	37.0	33.0	37.0	26.0	38.0
70-71	33.86474	37.0	33.0	37.0	26.0	38.0
72-73	33.80298500000001	37.0	33.0	37.0	26.0	38.0
74-75	33.779995	37.0	33.0	37.0	25.5	38.0
76-77	33.66648	37.0	33.0	37.0	25.0	38.0
78-79	33.600165000000004	37.0	33.0	37.0	25.0	38.0
80-81	33.51273	36.0	33.0	37.0	25.0	38.0
82-83	33.409335	36.0	32.5	37.0	24.5	38.0
84-85	33.370189999999994	36.0	32.0	37.0	24.0	38.0
86-87	33.227615	36.0	32.0	37.0	24.0	38.0
88-89	33.1648	36.0	32.0	37.0	23.5	38.0
90-91	33.030315	36.0	32.0	37.0	23.0	38.0
92-93	33.005615	36.0	32.0	37.0	23.0	38.0
94-95	32.902370000000005	36.0	32.0	37.0	23.0	38.0
96-97	32.793795	36.0	31.5	37.0	22.5	37.0
98-99	32.685635000000005	36.0	31.0	37.0	22.0	37.0
100	32.54359	36.0	31.0	37.0	22.0	37.0
>>END_MODULE
>>Per sequence quality scores	pass
#Quality	Count
20	1.0
21	17.0
22	125.0
23	399.0
24	762.0
25	1008.0
26	1348.0
27	1597.0
28	1930.0
29	2499.0
30	3285.0
31	4156.0
32	5761.0
33	8210.0
34	12836.0
35	22731.0
36	31746.0
37	1589.0
>>END_MODULE
>>Per base sequence content	fail
#Base	G	A	T	C
1	41.046	12.286999999999999	8.588	38.079
2	28.811999999999998	17.963	35.009	18.215999999999998
3	23.395	21.736	23.076	31.793
4	28.019	29.919	20.641000000000002	21.421
5	24.931	30.953999999999997	23.755000000000003	20.36
6	20.582	33.622	26.545999999999996	19.25
7	20.543	17.052999999999997	39.925	22.479
8	23.761	22.118	27.816999999999997	26.304
9	22.957	21.595	29.727999999999998	25.72
10-11	25.253999999999998	29.720999999999997	21.0715	23.9535
12-13	24.529500000000002	23.397499999999997	27.359499999999997	24.7135
14-15	24.261499999999998	25.517	26.223999999999997	23.9975
16-17	25.282500000000002	25.283499999999997	25.462	23.971999999999998
18-19	25.048	25.5385	24.828500000000002	24.585
20-21	25.223499999999998	25.566499999999998	24.934	24.276
22-23	25.338500000000003	25.474000000000004	24.543	24.6445
24-25	25.1855	25.703	24.671000000000003	24.4405
26-27	25.0485	25.5605	24.969	24.422
28-29	25.491000000000003	25.407999999999998	24.516	24.585
30-31	25.441000000000003	25.167	24.537	24.855
32-33	25.0595	25.668499999999998	24.615000000000002	24.657
34-35	25.513	25.3285	24.511	24.6475
36-37	25.1275	25.496999999999996	24.709500000000002	24.666
38-39	25.1455	25.488	24.603	24.7635
40-41	25.415	25.332500000000003	24.6415	24.611
42-43	25.027	25.435999999999996	24.684	24.853
44-45	25.051000000000002	25.378	24.706500000000002	24.8645
46-47	25.5355	25.520500000000002	24.3295	24.6145
48-49	25.1635	25.259500000000003	24.605	24.972
50-51	25.1595	25.401	24.4935	24.945999999999998
52-53	25.502999999999997	25.032500000000002	24.662	24.8025
54-55	25.273	25.141999999999996	24.4255	25.1595
56-57	25.028499999999998	25.2515	24.6355	25.0845
58-59	25.507	25.174999999999997	24.465500000000002	24.8525
60-61	25.1955	25.216499999999996	24.526999999999997	25.061
62-63	25.345000000000002	25.1655	24.6285	24.861
64-65	25.5985	25.0025	24.407999999999998	24.991
66-67	25.4585	25.037	24.4785	25.026
68-69	25.346000000000004	25.2645	24.4745	24.915000000000003
70-71	25.657000000000004	25.091	24.4725	24.7795
72-73	25.490000000000002	24.9745	24.499000000000002	25.0365
74-75	25.387500000000003	24.9335	24.6635	25.015500000000003
76-77	25.5605	24.936	24.5005	25.002999999999997
78-79	25.373	25.0365	24.502	25.088500000000003
80-81	25.438499999999998	25.123	24.590999999999998	24.8475
82-83	25.765	24.92	24.281	25.034
84-85	25.377499999999998	24.862000000000002	24.7025	25.058000000000003
86-87	25.108000000000004	25.151	24.7115	25.0295
88-89	25.404500000000002	25.174000000000003	24.465999999999998	24.9555
90-91	25.4865	25.102000000000004	24.2335	25.178
92-93	25.589000000000002	25.005	24.5955	24.810499999999998
94-95	25.808500000000002	25.147000000000002	24.2635	24.781
96-97	25.873	24.831	24.157999999999998	25.137999999999998
98-99	25.563000000000002	25.084	24.4815	24.871499999999997
100	26.05	24.73	24.087	25.133
>>END_MODULE
>>Per sequence GC content	pass
#GC Content	Count
0	0.0
1	0.0
2	0.0
3	0.0
4	0.0
5	0.0
6	0.0
7	0.5
8	0.5
9	0.5
10	1.0
11	0.5
12	0.5
13	0.5
14	2.0
15	3.5
16	3.0
17	3.0
18	3.5
19	8.0
20	12.5
21	18.0
22	29.5
23	40.5
24	56.5
25	82.5
26	101.0
27	134.0
28	217.5
29	304.0
30	350.5
31	424.0
32	515.5
33	623.5
34	762.5
35	937.0
36	1091.5
37	1270.0
38	1459.0
39	1637.5
40	1890.0
41	2135.0
42	2411.0
43	2730.5
44	3037.0
45	3395.5
46	3739.5
47	3947.5
48	4208.5
49	4456.5
50	4646.5
51	4799.0
52	4758.0
53	4722.5
54	4684.5
55	4487.5
56	4297.5
57	4035.5
58	3641.5
59	3266.5
60	2958.5
61	2595.5
62	2211.5
63	1831.5
64	1406.0
65	1087.0
66	816.0
67	553.5
68	358.0
69	245.5
70	190.0
71	135.5
72	77.5
73	40.0
74	31.5
75	27.5
76	13.0
77	11.5
78	11.0
79	5.0
80	6.5
81	4.0
82	0.0
83	0.0
84	0.0
85	0.0
86	0.0
87	0.0
88	0.0
89	0.0
90	0.0
91	0.0
92	0.0
93	0.0
94	0.0
95	0.0
96	0.0
97	0.0
98	0.0
99	0.0
100	0.0
>>END_MODULE
>>Per base N content	pass
#Base	N-Count
1	0.0
2	0.0
3	0.0
4	0.0
5	0.0
6	0.0
7	0.0
8	0.0
9	0.0
10-11	0.0
12-13	0.0
14-15	0.0
16-17	0.0
18-19	0.0
20-21	0.0
22-23	0.0
24-25	0.0
26-27	0.0
28-29	0.0
30-31	0.0
32-33	0.0
34-35	0.0
36-37	0.0
38-39	0.0
40-41	0.0
42-43	0.0
44-45	0.0
46-47	0.0
48-49	0.0
50-51	0.0
52-53	0.0
54-55	0.0
56-57	0.0
58-59	0.0
60-61	0.0
62-63	0.0
64-65	0.0
66-67	0.0
68-69	0.0
70-71	0.0
72-73	0.0
74-75	0.0
76-77	0.0
78-79	0.0
80-81	0.0
82-83	0.0
84-85	0.0
86-87	0.0
88-89	0.0
90-91	0.0
92-93	0.0
94-95	0.0
96-97	0.0
98-99	0.0
100	0.0
>>END_MODULE
>>Sequence Length Distribution	pass
#Length	Count
100	100000.0
>>END_MODULE
>>Sequence Duplication Levels	pass
#Total Deduplicated Percentage	90.065
#Duplication Level	Percentage of deduplicated	Percentage of total
1	94.09981679897852	84.751
2	4.434575029145617	7.988
3	0.681729861766502	1.8419999999999999
4	0.2564814300782768	0.924
5	0.149891744850941	0.675
6	0.08771442846832843	0.47400000000000003
7	0.06550824404596681	0.413
8	0.03664020429689668	0.264
9	0.03219896741242436	0.261
>10	0.15211236329317715	2.214
>50	0.0033309276633542444	0.194
>100	0.0	0.0
>500	0.0	0.0
>1k	0.0	0.0
>5k	0.0	0.0
>10k+	0.0	0.0
>>END_MODULE
>>Overrepresented sequences	pass
>>END_MODULE
>>Adapter Content	pass
#Position	Illumina Universal Adapter	Illumina Small RNA 3' Adapter	Illumina Small RNA 5' Adapter	Nextera Transposase Sequence	SOLID Small RNA Adapter
1	0.0	0.0	0.0	0.0	0.0
2	0.0	0.0	0.0	0.0	0.0
3	0.0	0.0	0.0	0.0	0.0
4	0.0	0.0	0.0	0.0	0.0
5	0.0	0.0	0.0	0.0	0.0
6	0.0	0.0	0.0	0.0	0.0
7	0.0	0.0	0.0	0.0	0.0
8	0.0	0.0	0.0	0.0	0.0
9	0.0	0.0	0.0	0.0	0.0
10-11	0.0	0.0	0.0	0.0	0.0
12-13	0.0	0.0	0.0	0.0	0.0
14-15	0.0	0.0	0.0	0.0	0.0
16-17	0.0	0.0	0.0	0.0	0.0
18-19	0.0	0.0	0.0	0.0	0.0
20-21	0.0	0.0	0.0	0.0	0.0
22-23	0.0	0.0	0.0	0.0	0.0
24-25	0.0	0.0	0.0	0.0	0.0
26-27	0.0	0.0	0.0	0.0	0.0
28-29	0.0	0.0	0.0	0.0	0.0
30-31	0.0	0.0	0.0	0.0	0.0
32-33	0.0	0.0	0.0	0.0	0.0
34-35	0.0	0.0	0.0	0.0	0.0
36-37	0.0	0.0	0.0	0.0	0.0
38-39	0.0	0.0	0.0	0.0	0.0
40-41	0.0	0.0	0.0	0.0	0.0
42-43	0.0	0.0	0.0	0.0	0.0
44-45	0.0	0.0	0.0	0.0	0.0
46-47	0.0	0.0	0.0	0.0	0.0
48-49	0.0	0.0	0.0	0.0	0.0
50-51	0.0	0.0	0.0	0.0	0.0
52-53	0.0	0.0	0.0	0.0	0.0
54-55	0.0	0.0	0.0	0.0	0.0
56-57	0.0	0.0	0.0	0.0	0.0
58-59	0.0	0.0	0.0	0.0	0.0
60-61	0.0	0.0	0.0	0.0	0.0
62-63	0.0	0.0	0.0	0.0	0.0
64-65	0.0	0.0	0.0	0.0	0.0
66-67	0.0	0.0	0.0	0.0	0.0
68-69	0.0	0.0	0.0	0.0	0.0
70-71	0.0	0.0	0.0	0.0	0.0
72-73	0.0	0.0	0.0	0.0	0.0
74-75	0.0	0.0	0.0	0.0	0.0
76-77	0.0	0.0	0.0	0.0	0.0
78-79	0.0	0.0	0.0	0.0	0.0
80-81	0.0	0.0	0.0	0.0	0.0
82-83	0.0	0.0	0.0	0.0	0.0
84-85	0.0	0.0	0.0	0.0	0.0
86-87	0.0	0.0	0.0	0.0	0.0
88-89	0.0	0.0	0.0	0.0	0.0
>>END_MODULE
