##FastQC	0.11.9
>>Basic Statistics	pass
#Measure	Value
Filename	Tco-467_1.fq.gz
File type	Conventional base calls
Encoding	Sanger / Illumina 1.9
Total Sequences	100000
Sequences flagged as poor quality	0
Sequence length	100
%GC	50
>>END_MODULE
>>Per base sequence quality	pass
#Base	Mean	Median	Lower Quartile	Upper Quartile	10th Percentile	90th Percentile
1	35.11192	37.0	36.0	37.0	30.0	37.0
2	35.16839	37.0	35.0	37.0	30.0	38.0
3	34.94348	37.0	35.0	37.0	30.0	38.0
4	35.38023	37.0	36.0	37.0	31.0	38.0
5	35.39427	37.0	36.0	37.0	31.0	38.0
6	35.41364	37.0	36.0	37.0	31.0	38.0
7	35.4586	37.0	36.0	37.0	31.0	38.0
8	35.48052	37.0	36.0	37.0	31.0	38.0
9	35.426	37.0	36.0	37.0	31.0	38.0
10-11	35.409814999999995	37.0	36.0	37.0	31.0	38.0
12-13	35.467929999999996	37.0	36.0	37.0	31.0	38.0
14-15	35.439195	37.0	36.0	37.0	31.0	38.0
16-17	35.37415	37.0	36.0	37.0	31.0	38.0
18-19	35.371489999999994	37.0	36.0	37.0	31.0	38.0
20-21	35.36285	37.0	36.0	37.0	31.0	38.0
22-23	35.328514999999996	37.0	36.0	37.0	31.0	38.0
24-25	35.34053	37.0	36.0	37.0	31.0	38.0
26-27	35.314750000000004	37.0	36.0	37.0	31.0	38.0
28-29	35.295235000000005	37.0	36.0	37.0	31.0	38.0
30-31	35.310445	37.0	36.0	37.0	31.0	38.0
32-33	35.277315	37.0	36.0	37.0	31.0	38.0
34-35	35.29663	37.0	36.0	37.0	31.0	38.0
36-37	35.248025	37.0	36.0	37.0	31.0	38.0
38-39	35.270085	37.0	36.0	37.0	31.0	38.0
40-41	35.24926	37.0	36.0	37.0	31.0	38.0
42-43	35.212965	37.0	36.0	37.0	30.5	38.0
44-45	35.18546499999999	37.0	36.0	37.0	30.0	38.0
46-47	35.19712	37.0	36.0	37.0	30.5	38.0
48-49	35.177445	37.0	35.5	37.0	30.0	38.0
50-51	35.079075	37.0	35.0	37.0	30.0	38.0
52-53	35.075415	37.0	35.0	37.0	30.0	38.0
54-55	35.030339999999995	37.0	35.0	37.0	30.0	38.0
56-57	35.00444	37.0	35.0	37.0	30.0	38.0
58-59	34.95635	37.0	35.0	37.0	29.5	38.0
60-61	34.93859	37.0	35.0	37.0	29.5	38.0
62-63	34.927535	37.0	35.0	37.0	29.0	38.0
64-65	34.93469	37.0	35.0	37.0	29.5	38.0
66-67	34.88917	37.0	35.0	37.0	29.0	38.0
68-69	34.82017	37.0	35.0	37.0	29.0	38.0
70-71	34.787655	37.0	35.0	37.0	29.0	38.0
72-73	34.785325	37.0	35.0	37.0	29.0	38.0
74-75	34.68649	37.0	35.0	37.0	29.0	38.0
76-77	34.57856	37.0	35.0	37.0	28.0	38.0
78-79	34.584995000000006	37.0	35.0	37.0	28.0	38.0
80-81	34.594765	37.0	35.0	37.0	28.0	38.0
82-83	34.5165	37.0	34.0	37.0	28.0	38.0
84-85	34.478545	37.0	34.0	37.0	28.0	38.0
86-87	34.435615	37.0	34.0	37.0	28.0	38.0
88-89	34.366110000000006	37.0	34.0	37.0	27.5	38.0
90-91	34.321740000000005	37.0	34.0	37.0	27.5	38.0
92-93	34.291305	37.0	34.0	37.0	27.0	38.0
94-95	34.177115	37.0	34.0	37.0	27.0	38.0
96-97	34.214185	37.0	34.0	37.0	27.0	38.0
98-99	34.087805	37.0	34.0	37.0	27.0	38.0
100	34.06227	37.0	34.0	37.0	27.0	38.0
>>END_MODULE
>>Per sequence quality scores	pass
#Quality	Count
21	2.0
22	14.0
23	70.0
24	154.0
25	340.0
26	525.0
27	904.0
28	1327.0
29	1948.0
30	2653.0
31	3533.0
32	4827.0
33	6704.0
34	10292.0
35	19869.0
36	43180.0
37	3658.0
>>END_MODULE
>>Per base sequence content	fail
#Base	G	A	T	C
1	43.75	11.397	9.491	35.362
2	28.360999999999997	18.008	34.53	19.101000000000003
3	25.724999999999998	21.646	21.908	30.720999999999997
4	29.2	29.357	19.906	21.537
5	25.213	30.706	23.405	20.676
6	21.111	33.771	25.936999999999998	19.181
7	20.068	16.991	39.756	23.185
8	23.986	22.092	27.313	26.608999999999998
9	23.208000000000002	21.514	29.329	25.948999999999998
10-11	25.332500000000003	29.4765	21.2275	23.9635
12-13	24.378	23.093	27.6285	24.9005
14-15	24.194499999999998	25.017	26.638499999999997	24.15
16-17	25.131999999999998	24.769	25.666	24.433
18-19	25.151	24.869	25.4745	24.505499999999998
20-21	25.327499999999997	25.0805	25.196	24.396
22-23	25.268	25.0855	24.908	24.7385
24-25	25.2925	24.79	25.163999999999998	24.7535
26-27	25.0025	24.945	25.333499999999997	24.718999999999998
28-29	25.087500000000002	24.8995	25.222499999999997	24.790499999999998
30-31	25.104	24.6805	25.1305	25.085
32-33	24.91	25.0675	25.104	24.918499999999998
34-35	25.3645	24.9645	24.8385	24.8325
36-37	25.023	24.948999999999998	25.199500000000004	24.828500000000002
38-39	25.0755	24.9335	25.223000000000003	24.768
40-41	25.326500000000003	24.6905	25.108000000000004	24.875
42-43	24.958	24.936	25.2855	24.820500000000003
44-45	25.235999999999997	24.729499999999998	25.116500000000002	24.918000000000003
46-47	25.485000000000003	24.686	24.998	24.831
48-49	25.111	24.926499999999997	25.0435	24.919
50-51	25.0175	24.7665	25.185000000000002	25.031
52-53	25.360500000000002	24.718	25.0075	24.914
54-55	25.372	24.624499999999998	24.8125	25.191000000000003
56-57	25.006	24.7885	25.073	25.1325
58-59	25.479000000000003	24.63	24.935	24.956
60-61	25.0355	24.581500000000002	25.3055	25.077500000000004
62-63	25.1815	24.467	25.069000000000003	25.282500000000002
64-65	25.442999999999998	24.433	24.9735	25.150499999999997
66-67	25.302999999999997	24.637999999999998	24.753	25.306
68-69	25.308000000000003	24.464	25.1765	25.051499999999997
70-71	25.2585	24.535	25.046499999999998	25.16
72-73	25.285000000000004	24.117	25.3635	25.234499999999997
74-75	25.343	24.257	25.1515	25.2485
76-77	25.338500000000003	24.419	25.0925	25.15
78-79	25.281	24.449	24.8425	25.4275
80-81	25.0045	24.621000000000002	25.1805	25.194
82-83	25.235000000000003	24.4975	25.016	25.2515
84-85	24.9705	24.291	25.337500000000002	25.401
86-87	24.791	24.3555	25.407000000000004	25.4465
88-89	25.238500000000002	24.5125	25.144499999999997	25.1045
90-91	25.069999999999997	24.3765	25.072	25.4815
92-93	25.327499999999997	24.368000000000002	25.245	25.0595
94-95	25.412499999999998	24.4935	24.8585	25.2355
96-97	25.255499999999998	24.3905	25.098	25.256
98-99	25.1455	24.5885	25.048	25.218
100	25.349	24.462	24.809	25.380000000000003
>>END_MODULE
>>Per sequence GC content	pass
#GC Content	Count
0	0.0
1	0.0
2	0.0
3	0.5
4	1.0
5	0.5
6	0.0
7	0.0
8	0.0
9	1.0
10	1.0
11	0.0
12	0.0
13	0.0
14	1.0
15	2.5
16	3.0
17	4.5
18	3.5
19	7.0
20	11.5
21	15.0
22	22.0
23	28.0
24	42.5
25	61.5
26	97.0
27	129.5
28	160.5
29	222.5
30	289.0
31	371.5
32	480.5
33	600.0
34	738.0
35	903.5
36	1077.5
37	1267.5
38	1465.0
39	1621.0
40	1925.0
41	2195.5
42	2403.5
43	2756.5
44	3094.5
45	3382.0
46	3645.0
47	3937.5
48	4311.0
49	4578.5
50	4694.0
51	4798.5
52	4770.0
53	4719.0
54	4661.5
55	4445.5
56	4208.5
57	4001.5
58	3714.5
59	3347.5
60	3044.0
61	2741.0
62	2347.5
63	1855.0
64	1405.5
65	1084.5
66	801.5
67	550.0
68	357.5
69	229.5
70	140.5
71	95.0
72	54.5
73	31.0
74	19.0
75	7.5
76	4.0
77	4.5
78	3.0
79	1.5
80	1.5
81	1.5
82	0.5
83	1.0
84	0.5
85	0.0
86	0.0
87	0.0
88	0.0
89	0.0
90	0.0
91	0.0
92	0.0
93	0.0
94	0.0
95	0.0
96	0.0
97	0.0
98	0.0
99	0.0
100	0.0
>>END_MODULE
>>Per base N content	pass
#Base	N-Count
1	0.0
2	0.0
3	0.0
4	0.0
5	0.0
6	0.0
7	0.0
8	0.0
9	0.0
10-11	0.0
12-13	0.0
14-15	0.0
16-17	0.0
18-19	0.0
20-21	0.0
22-23	0.0
24-25	0.0
26-27	0.0
28-29	0.0
30-31	0.0
32-33	0.0
34-35	0.0
36-37	0.0
38-39	0.0
40-41	0.0
42-43	0.0
44-45	0.0
46-47	0.0
48-49	0.0
50-51	0.0
52-53	0.0
54-55	0.0
56-57	0.0
58-59	0.0
60-61	0.0
62-63	0.0
64-65	0.0
66-67	0.0
68-69	0.0
70-71	0.0
72-73	0.0
74-75	0.0
76-77	0.0
78-79	0.0
80-81	0.0
82-83	0.0
84-85	0.0
86-87	0.0
88-89	0.0
90-91	0.0
92-93	0.0
94-95	0.0
96-97	0.0
98-99	0.0
100	0.0
>>END_MODULE
>>Sequence Length Distribution	pass
#Length	Count
100	100000.0
>>END_MODULE
>>Sequence Duplication Levels	pass
#Total Deduplicated Percentage	90.275
#Duplication Level	Percentage of deduplicated	Percentage of total
1	94.16449736914983	85.007
2	4.391027416228192	7.928
3	0.6668512877319301	1.806
4	0.2747161451121573	0.992
5	0.13292716698975354	0.6
6	0.09526446967599003	0.516
7	0.058709498753807814	0.371
8	0.048739961229576294	0.35200000000000004
9	0.0321240653558571	0.261
>10	0.13181944059817227	1.9769999999999999
>50	0.003323179174743838	0.19
>100	0.0	0.0
>500	0.0	0.0
>1k	0.0	0.0
>5k	0.0	0.0
>10k+	0.0	0.0
>>END_MODULE
>>Overrepresented sequences	pass
>>END_MODULE
>>Adapter Content	pass
#Position	Illumina Universal Adapter	Illumina Small RNA 3' Adapter	Illumina Small RNA 5' Adapter	Nextera Transposase Sequence	SOLID Small RNA Adapter
1	0.0	0.0	0.0	0.0	0.0
2	0.0	0.0	0.0	0.0	0.0
3	0.0	0.0	0.0	0.0	0.0
4	0.0	0.0	0.0	0.0	0.0
5	0.0	0.0	0.0	0.0	0.0
6	0.0	0.0	0.0	0.0	0.0
7	0.0	0.0	0.0	0.0	0.0
8	0.0	0.0	0.0	0.0	0.0
9	0.0	0.0	0.0	0.0	0.0
10-11	0.0	0.0	0.0	0.0	0.0
12-13	0.0	0.0	0.0	0.0	0.0
14-15	0.0	0.0	0.0	0.0	0.0
16-17	0.0	0.0	0.0	0.0	0.0
18-19	0.0	0.0	0.0	0.0	0.0
20-21	0.0	0.0	0.0	0.0	0.0
22-23	0.0	0.0	0.0	0.0	0.0
24-25	0.0	0.0	0.0	0.0	0.0
26-27	0.0	0.0	0.0	0.0	0.0
28-29	0.0	0.0	0.0	0.0	0.0
30-31	0.0	0.0	0.0	0.0	0.0
32-33	0.0	0.0	0.0	0.0	0.0
34-35	0.0	0.0	0.0	0.0	0.0
36-37	0.0	0.0	0.0	0.0	0.0
38-39	0.0	0.0	0.0	0.0	0.0
40-41	0.0	0.0	0.0	0.0	0.0
42-43	0.0	0.0	0.0	0.0	0.0
44-45	0.0	0.0	0.0	0.0	0.0
46-47	0.0	0.0	0.0	0.0	0.0
48-49	0.0	0.0	0.0	0.0	0.0
50-51	0.0	0.0	0.0	0.0	0.0
52-53	0.0	0.0	0.0	0.0	0.0
54-55	0.0	0.0	0.0	0.0	0.0
56-57	0.0	0.0	0.0	0.0	0.0
58-59	0.0	0.0	0.0	0.0	0.0
60-61	0.0	0.0	0.0	0.0	0.0
62-63	0.0	0.0	0.0	0.0	0.0
64-65	0.0	0.0	0.0	0.0	0.0
66-67	0.0	0.0	0.0	0.0	0.0
68-69	0.0	0.0	0.0	0.0	0.0
70-71	0.0	0.0	0.0	0.0	0.0
72-73	0.0	0.0	0.0	0.0	0.0
74-75	0.0	0.0	0.0	0.0	0.0
76-77	0.0	0.0	0.0	0.0	0.0
78-79	0.0	0.0	0.0	0.0	0.0
80-81	0.0	0.0	0.0	0.0	0.0
82-83	0.0	0.0	0.0	0.0	0.0
84-85	0.0	0.0	0.0	0.0	0.0
86-87	0.0	0.0	0.0	0.0	0.0
88-89	0.0	0.0	0.0	0.0	0.0
>>END_MODULE
