##FastQC	0.11.9
>>Basic Statistics	pass
#Measure	Value
Filename	Tco-580_1.fq.gz
File type	Conventional base calls
Encoding	Sanger / Illumina 1.9
Total Sequences	100000
Sequences flagged as poor quality	0
Sequence length	100
%GC	51
>>END_MODULE
>>Per base sequence quality	pass
#Base	Mean	Median	Lower Quartile	Upper Quartile	10th Percentile	90th Percentile
1	35.05273	37.0	35.0	37.0	30.0	38.0
2	35.26621	37.0	36.0	37.0	31.0	38.0
3	35.44234	37.0	36.0	37.0	31.0	38.0
4	35.43908	37.0	36.0	37.0	31.0	38.0
5	35.43945	37.0	36.0	37.0	31.0	38.0
6	35.4374	37.0	36.0	37.0	31.0	38.0
7	35.51676	37.0	36.0	37.0	31.0	38.0
8	35.52033	37.0	36.0	37.0	31.0	38.0
9	35.51023	37.0	36.0	37.0	31.0	38.0
10-11	35.444720000000004	37.0	36.0	37.0	31.0	38.0
12-13	35.520309999999995	37.0	36.0	37.0	31.0	38.0
14-15	35.50374	37.0	36.0	37.0	31.0	38.0
16-17	35.393785	37.0	36.0	37.0	31.0	38.0
18-19	35.394040000000004	37.0	36.0	37.0	31.0	38.0
20-21	35.43476	37.0	36.0	37.0	31.0	38.0
22-23	35.402555	37.0	36.0	37.0	31.0	38.0
24-25	35.399770000000004	37.0	36.0	37.0	31.0	38.0
26-27	35.3711	37.0	36.0	37.0	31.0	38.0
28-29	35.40316	37.0	36.0	37.0	31.0	38.0
30-31	35.336645000000004	37.0	36.0	37.0	31.0	38.0
32-33	35.37692	37.0	36.0	37.0	31.0	38.0
34-35	35.363145	37.0	36.0	37.0	31.0	38.0
36-37	35.36397	37.0	36.0	37.0	31.0	38.0
38-39	35.351575	37.0	36.0	37.0	31.0	38.0
40-41	35.31609	37.0	36.0	37.0	31.0	38.0
42-43	35.32723	37.0	36.0	37.0	31.0	38.0
44-45	35.306955	37.0	36.0	37.0	31.0	38.0
46-47	35.28323	37.0	36.0	37.0	31.0	38.0
48-49	35.246895	37.0	36.0	37.0	31.0	38.0
50-51	35.18962	37.0	35.5	37.0	30.5	38.0
52-53	35.17202	37.0	35.5	37.0	30.0	38.0
54-55	35.15985	37.0	35.0	37.0	30.0	38.0
56-57	35.133340000000004	37.0	35.0	37.0	30.0	38.0
58-59	35.15278	37.0	35.0	37.0	30.5	38.0
60-61	35.092365	37.0	35.0	37.0	30.0	38.0
62-63	35.103184999999996	37.0	35.0	37.0	30.0	38.0
64-65	35.04594	37.0	35.0	37.0	30.0	38.0
66-67	35.019365	37.0	35.0	37.0	30.0	38.0
68-69	34.99405	37.0	35.0	37.0	30.0	38.0
70-71	34.955995	37.0	35.0	37.0	29.5	38.0
72-73	34.9196	37.0	35.0	37.0	29.5	38.0
74-75	34.845015000000004	37.0	35.0	37.0	29.0	38.0
76-77	34.791825	37.0	35.0	37.0	29.0	38.0
78-79	34.798415	37.0	35.0	37.0	29.0	38.0
80-81	34.73219	37.0	35.0	37.0	29.0	38.0
82-83	34.674455	37.0	35.0	37.0	29.0	38.0
84-85	34.655215	37.0	35.0	37.0	29.0	38.0
86-87	34.630025	37.0	35.0	37.0	28.5	38.0
88-89	34.558695	37.0	34.5	37.0	28.0	38.0
90-91	34.511905	37.0	34.0	37.0	28.0	38.0
92-93	34.409189999999995	37.0	34.0	37.0	27.5	38.0
94-95	34.401790000000005	37.0	34.0	37.0	28.0	38.0
96-97	34.35138499999999	37.0	34.0	37.0	27.5	38.0
98-99	34.256785	37.0	34.0	37.0	27.0	38.0
100	34.24879	37.0	34.0	37.0	27.0	38.0
>>END_MODULE
>>Per sequence quality scores	pass
#Quality	Count
21	2.0
22	14.0
23	52.0
24	157.0
25	312.0
26	519.0
27	768.0
28	1231.0
29	1775.0
30	2447.0
31	3315.0
32	4567.0
33	6488.0
34	9558.0
35	18559.0
36	45695.0
37	4541.0
>>END_MODULE
>>Per base sequence content	warn
#Base	G	A	T	C
1	41.096	13.205	11.838	33.861000000000004
2	28.799999999999997	18.663	31.45	21.087
3	26.449	21.477	22.155	29.919
4	29.663	27.614	20.044999999999998	22.678
5	26.0	28.418	23.267	22.314999999999998
6	23.139000000000003	31.147999999999996	24.57	21.143
7	21.837999999999997	18.066	36.38	23.716
8	25.020999999999997	22.081	26.240999999999996	26.656999999999996
9	24.013	21.365000000000002	28.187	26.435
10-11	26.039	27.884999999999998	21.5535	24.5225
12-13	25.06	22.8	26.537	25.602999999999998
14-15	24.8555	24.727	25.5435	24.874
16-17	25.672	24.387	25.2695	24.671499999999998
18-19	25.6	24.398500000000002	24.7815	25.22
20-21	25.818	24.532	24.807000000000002	24.843
22-23	26.135	24.401	24.38	25.084
24-25	26.035999999999998	24.293	24.6745	24.996499999999997
26-27	25.6115	24.642	24.6475	25.099
28-29	25.923000000000002	24.468500000000002	24.393500000000003	25.215
30-31	25.8045	24.322499999999998	24.548000000000002	25.324999999999996
32-33	25.628	24.545	24.282	25.545
34-35	25.926	24.310499999999998	24.459500000000002	25.304
36-37	25.8075	24.279500000000002	24.675	25.238
38-39	25.598	24.614	24.42	25.368000000000002
40-41	25.593	24.461	24.555	25.391000000000002
42-43	25.611	24.259	24.6	25.53
44-45	25.624000000000002	24.316499999999998	24.461	25.5985
46-47	26.0185	24.407999999999998	24.299	25.2745
48-49	25.694	24.3945	24.4915	25.419999999999998
50-51	25.339	24.093500000000002	24.9015	25.666
52-53	25.9525	24.2245	24.4635	25.3595
54-55	25.613500000000002	24.191499999999998	24.2975	25.8975
56-57	25.480999999999998	24.166	24.623	25.729999999999997
58-59	25.6965	24.1185	24.528	25.657000000000004
60-61	25.6125	24.154500000000002	24.602	25.630999999999997
62-63	25.514	24.311	24.7255	25.449500000000004
64-65	25.915	24.2385	24.3615	25.485000000000003
66-67	25.9575	24.1695	24.2485	25.6245
68-69	25.6525	24.333	24.5655	25.448999999999998
70-71	25.839499999999997	24.1715	24.5065	25.4825
72-73	26.040999999999997	23.919	24.5115	25.528499999999998
74-75	25.576	23.947499999999998	24.691	25.7855
76-77	25.783	24.02	24.4815	25.715500000000002
78-79	25.590000000000003	24.0855	24.5835	25.741000000000003
80-81	25.6175	24.2385	24.642500000000002	25.5015
82-83	25.771	24.204	24.415	25.61
84-85	25.656000000000002	23.974500000000003	24.7505	25.618999999999996
86-87	25.448999999999998	24.07	24.7075	25.7735
88-89	25.473000000000003	24.555	24.371000000000002	25.601000000000003
90-91	25.619999999999997	24.119	24.374000000000002	25.887
92-93	25.66	24.065	24.668499999999998	25.606499999999997
94-95	25.814999999999998	24.1935	24.515500000000003	25.476
96-97	25.963	24.0315	24.157999999999998	25.8475
98-99	25.745	24.1845	24.5385	25.532
100	25.942999999999998	24.018	24.391	25.648
>>END_MODULE
>>Per sequence GC content	pass
#GC Content	Count
0	0.0
1	0.0
2	0.0
3	0.0
4	0.0
5	0.0
6	0.0
7	0.0
8	0.5
9	0.5
10	0.0
11	0.0
12	0.5
13	1.0
14	1.5
15	1.0
16	1.5
17	4.5
18	6.0
19	9.5
20	13.5
21	15.5
22	19.5
23	37.0
24	54.0
25	66.0
26	92.5
27	123.5
28	163.0
29	243.5
30	338.0
31	406.0
32	457.0
33	562.0
34	723.5
35	876.0
36	1046.0
37	1226.0
38	1348.5
39	1488.5
40	1695.5
41	1948.0
42	2168.0
43	2379.5
44	2681.5
45	2983.5
46	3227.0
47	3443.0
48	3819.5
49	4107.5
50	4277.5
51	4512.0
52	4604.0
53	4645.0
54	4630.0
55	4498.5
56	4355.0
57	4182.5
58	3948.0
59	3658.5
60	3285.5
61	2897.0
62	2485.0
63	2020.0
64	1703.0
65	1415.5
66	1106.5
67	874.5
68	699.5
69	570.0
70	436.5
71	354.0
72	288.0
73	231.0
74	174.5
75	114.0
76	79.0
77	61.5
78	42.5
79	28.0
80	17.5
81	10.0
82	7.0
83	4.0
84	2.5
85	1.0
86	1.0
87	1.0
88	0.5
89	0.0
90	0.0
91	0.0
92	0.0
93	0.0
94	0.0
95	0.0
96	0.0
97	0.0
98	0.0
99	0.0
100	0.0
>>END_MODULE
>>Per base N content	pass
#Base	N-Count
1	0.0
2	0.0
3	0.0
4	0.0
5	0.0
6	0.0
7	0.0
8	0.0
9	0.0
10-11	0.0
12-13	0.0
14-15	0.0
16-17	0.0
18-19	0.0
20-21	0.0
22-23	0.0
24-25	0.0
26-27	0.0
28-29	0.0
30-31	0.0
32-33	0.0
34-35	0.0
36-37	0.0
38-39	0.0
40-41	0.0
42-43	0.0
44-45	0.0
46-47	0.0
48-49	0.0
50-51	0.0
52-53	0.0
54-55	0.0
56-57	0.0
58-59	0.0
60-61	0.0
62-63	0.0
64-65	0.0
66-67	0.0
68-69	0.0
70-71	0.0
72-73	0.0
74-75	0.0
76-77	0.0
78-79	0.0
80-81	0.0
82-83	0.0
84-85	0.0
86-87	0.0
88-89	0.0
90-91	0.0
92-93	0.0
94-95	0.0
96-97	0.0
98-99	0.0
100	0.0
>>END_MODULE
>>Sequence Length Distribution	pass
#Length	Count
100	100000.0
>>END_MODULE
>>Sequence Duplication Levels	pass
#Total Deduplicated Percentage	90.253
#Duplication Level	Percentage of deduplicated	Percentage of total
1	93.36531749637132	84.265
2	5.250794987424241	9.478
3	0.7102256988687357	1.923
4	0.25373117791098354	0.9159999999999999
5	0.13185157280090412	0.5950000000000001
6	0.07645175229632256	0.414
7	0.043211859993573624	0.27299999999999996
8	0.024375921022015887	0.17600000000000002
9	0.029915903072474048	0.243
>10	0.10969164459907149	1.414
>50	0.004431985640366525	0.303
>100	0.0	0.0
>500	0.0	0.0
>1k	0.0	0.0
>5k	0.0	0.0
>10k+	0.0	0.0
>>END_MODULE
>>Overrepresented sequences	pass
>>END_MODULE
>>Adapter Content	pass
#Position	Illumina Universal Adapter	Illumina Small RNA 3' Adapter	Illumina Small RNA 5' Adapter	Nextera Transposase Sequence	SOLID Small RNA Adapter
1	0.0	0.0	0.0	0.0	0.0
2	0.0	0.0	0.0	0.0	0.0
3	0.0	0.0	0.0	0.0	0.0
4	0.0	0.0	0.0	0.0	0.0
5	0.0	0.0	0.0	0.0	0.0
6	0.0	0.0	0.0	0.0	0.0
7	0.0	0.0	0.0	0.0	0.0
8	0.0	0.0	0.0	0.0	0.0
9	0.0	0.0	0.0	0.0	0.0
10-11	0.0	0.0	0.0	0.0	0.0
12-13	0.0	0.0	0.0	0.0	0.0
14-15	0.0	0.0	0.0	0.0	0.0
16-17	0.0	0.0	0.0	0.0	0.0
18-19	0.0	0.0	0.0	0.0	0.0
20-21	0.0	0.0	0.0	0.0	0.0
22-23	0.0	0.0	0.0	0.0	0.0
24-25	0.0	0.0	0.0	0.0	0.0
26-27	0.0	0.0	0.0	0.0	0.0
28-29	0.0	0.0	0.0	0.0	0.0
30-31	0.0	0.0	0.0	0.0	0.0
32-33	0.0	0.0	0.0	0.0	0.0
34-35	0.0	0.0	0.0	0.0	0.0
36-37	0.0	0.0	0.0	0.0	0.0
38-39	0.0	0.0	0.0	0.0	0.0
40-41	0.0	0.0	0.0	0.0	0.0
42-43	0.0	0.0	0.0	0.0	0.0
44-45	0.0	0.0	0.0	0.0	0.0
46-47	0.0	0.0	0.0	0.0	0.0
48-49	0.0	0.0	0.0	0.0	0.0
50-51	0.0	0.0	0.0	0.0	0.0
52-53	0.0	0.0	0.0	0.0	0.0
54-55	0.0	0.0	0.0	0.0	0.0
56-57	0.0	0.0	0.0	0.0	0.0
58-59	0.0	0.0	0.0	0.0	0.0
60-61	0.0	0.0	0.0	0.0	0.0
62-63	0.0	0.0	0.0	0.0	0.0
64-65	0.0	0.0	0.0	0.0	0.0
66-67	0.0	0.0	0.0	0.0	0.0
68-69	0.0	0.0	0.0	0.0	0.0
70-71	0.0	0.0	0.0	0.0	0.0
72-73	0.0	0.0	0.0	0.0	0.0
74-75	0.0	0.0	0.0	0.0	0.0
76-77	0.0	0.0	0.0	0.0	0.0
78-79	0.0	0.0	0.0	0.0	0.0
80-81	0.0	0.0	0.0	0.0	0.0
82-83	0.0	0.0	0.0	0.0	0.0
84-85	0.0	0.0	0.0	0.0	0.0
86-87	0.0	0.0	0.0	0.0	0.0
88-89	0.0	0.0	0.0	0.0	0.0
>>END_MODULE
