##FastQC	0.11.9
>>Basic Statistics	pass
#Measure	Value
Filename	Tco-549_2.fq.gz
File type	Conventional base calls
Encoding	Sanger / Illumina 1.9
Total Sequences	100000
Sequences flagged as poor quality	0
Sequence length	100
%GC	50
>>END_MODULE
>>Per base sequence quality	pass
#Base	Mean	Median	Lower Quartile	Upper Quartile	10th Percentile	90th Percentile
1	35.31965	37.0	36.0	37.0	31.0	38.0
2	35.35156	37.0	36.0	37.0	31.0	38.0
3	35.4719	37.0	36.0	37.0	32.0	38.0
4	35.49309	37.0	36.0	37.0	32.0	38.0
5	35.47615	37.0	36.0	37.0	32.0	38.0
6	35.28171	37.0	36.0	37.0	31.0	38.0
7	35.29344	37.0	36.0	37.0	31.0	38.0
8	35.34039	37.0	36.0	37.0	31.0	38.0
9	35.35407	37.0	36.0	37.0	31.0	38.0
10-11	35.318365	37.0	36.0	37.0	31.0	38.0
12-13	35.365505	37.0	36.0	37.0	31.0	38.0
14-15	35.337509999999995	37.0	36.0	37.0	31.0	38.0
16-17	35.276055	37.0	36.0	37.0	31.0	38.0
18-19	35.315815	37.0	36.0	37.0	31.0	38.0
20-21	35.280695	37.0	36.0	37.0	31.0	38.0
22-23	35.267129999999995	37.0	36.0	37.0	31.0	38.0
24-25	35.221105	37.0	36.0	37.0	30.5	38.0
26-27	35.236145	37.0	36.0	37.0	31.0	38.0
28-29	35.226785	37.0	36.0	37.0	31.0	38.0
30-31	35.13351	37.0	35.0	37.0	30.0	38.0
32-33	35.143299999999996	37.0	35.5	37.0	30.5	38.0
34-35	35.117435	37.0	35.0	37.0	30.0	38.0
36-37	35.1323	37.0	35.0	37.0	30.0	38.0
38-39	35.079040000000006	37.0	35.0	37.0	30.0	38.0
40-41	35.082255	37.0	35.0	37.0	30.0	38.0
42-43	35.011185	37.0	35.0	37.0	30.0	38.0
44-45	34.988524999999996	37.0	35.0	37.0	30.0	38.0
46-47	34.924705	37.0	35.0	37.0	29.5	38.0
48-49	34.88512	37.0	35.0	37.0	29.0	38.0
50-51	34.88605	37.0	35.0	37.0	29.0	38.0
52-53	34.846379999999996	37.0	35.0	37.0	29.0	38.0
54-55	34.83226	37.0	35.0	37.0	29.0	38.0
56-57	34.768575	37.0	35.0	37.0	29.0	38.0
58-59	34.797125	37.0	35.0	37.0	29.0	38.0
60-61	34.711545	37.0	35.0	37.0	29.0	38.0
62-63	34.690515000000005	37.0	35.0	37.0	29.0	38.0
64-65	34.52459	37.0	34.5	37.0	28.5	38.0
66-67	34.613625	37.0	35.0	37.0	28.5	38.0
68-69	34.554145	37.0	35.0	37.0	28.0	38.0
70-71	34.485805	37.0	34.0	37.0	28.0	38.0
72-73	34.437174999999996	37.0	34.0	37.0	28.0	38.0
74-75	34.36983	37.0	34.0	37.0	28.0	38.0
76-77	34.282465	37.0	34.0	37.0	27.5	38.0
78-79	34.247355	37.0	34.0	37.0	27.0	38.0
80-81	34.17008	37.0	34.0	37.0	27.0	38.0
82-83	34.102495	37.0	34.0	37.0	27.0	38.0
84-85	34.12126	37.0	34.0	37.0	27.0	38.0
86-87	33.98403	37.0	34.0	37.0	26.0	38.0
88-89	33.906935000000004	37.0	33.0	37.0	26.0	38.0
90-91	33.82741	37.0	33.0	37.0	26.0	38.0
92-93	33.781845000000004	37.0	33.0	37.0	26.0	38.0
94-95	33.705535	37.0	33.0	37.0	25.0	38.0
96-97	33.63329	36.5	33.0	37.0	25.0	38.0
98-99	33.62095	36.5	33.0	37.0	25.0	38.0
100	33.51697	36.0	33.0	37.0	25.0	38.0
>>END_MODULE
>>Per sequence quality scores	pass
#Quality	Count
21	13.0
22	88.0
23	234.0
24	486.0
25	693.0
26	858.0
27	1082.0
28	1412.0
29	1868.0
30	2306.0
31	3221.0
32	4576.0
33	7155.0
34	12044.0
35	24005.0
36	37839.0
37	2120.0
>>END_MODULE
>>Per base sequence content	fail
#Base	G	A	T	C
1	37.117	13.333	8.921	40.629
2	29.334	17.724	35.299	17.643
3	23.647000000000002	21.444	23.334	31.574999999999996
4	27.656	29.792	21.082	21.47
5	25.068	30.737	23.965	20.23
6	20.805	32.923	26.594	19.678
7	20.422	16.911	40.465	22.201999999999998
8	23.598	21.823	28.215	26.363999999999997
9	23.034	20.958	30.202	25.806
10-11	25.1645	29.524499999999996	21.285	24.026
12-13	24.296499999999998	23.3505	27.664	24.689
14-15	24.3445	25.3675	26.287	24.001
16-17	25.4155	25.133	25.435999999999996	24.0155
18-19	24.9435	25.4145	25.0525	24.5895
20-21	25.337500000000002	25.3545	24.97	24.338
22-23	25.382500000000004	25.345000000000002	24.7085	24.564
24-25	25.166500000000003	25.369500000000002	24.7515	24.712500000000002
26-27	24.953	25.598	24.89	24.559
28-29	25.336	25.3855	24.571	24.7075
30-31	25.237	25.229499999999998	24.659	24.874499999999998
32-33	25.087500000000002	25.497500000000002	24.7555	24.6595
34-35	25.484499999999997	25.278	24.671000000000003	24.566499999999998
36-37	25.2135	25.199500000000004	24.854000000000003	24.733
38-39	25.009999999999998	25.584	24.561	24.845
40-41	25.2565	25.125999999999998	24.735	24.8825
42-43	25.088500000000003	24.9925	24.7755	25.143500000000003
44-45	25.041000000000004	25.4745	24.663	24.8215
46-47	25.358999999999998	25.485999999999997	24.4795	24.6755
48-49	25.192999999999998	25.3415	24.3305	25.135
50-51	25.291000000000004	25.143500000000003	24.701	24.8645
52-53	25.406499999999998	25.210500000000003	24.481	24.901999999999997
54-55	25.2975	25.2245	24.325499999999998	25.1525
56-57	25.0085	25.299500000000002	24.7885	24.9035
58-59	25.566499999999998	25.228499999999997	24.473	24.732000000000003
60-61	25.0365	25.2145	24.653	25.096
62-63	25.156499999999998	25.0795	24.645	25.119000000000003
64-65	25.444	25.099	24.413	25.044
66-67	25.314500000000002	25.058999999999997	24.5525	25.074
68-69	25.438	25.0855	24.587	24.8895
70-71	25.4645	25.155	24.712	24.668499999999998
72-73	25.2395	24.761	24.8385	25.161
74-75	25.240000000000002	24.909	24.740000000000002	25.111
76-77	25.179000000000002	25.351000000000003	24.4525	25.0175
78-79	25.417499999999997	24.9065	24.560000000000002	25.116
80-81	25.3415	25.224999999999998	24.6635	24.77
82-83	25.528499999999998	24.8945	24.506	25.070999999999998
84-85	25.271500000000003	24.732000000000003	24.813	25.1835
86-87	25.135999999999996	25.100499999999997	24.781	24.982499999999998
88-89	25.261	25.2935	24.5165	24.929000000000002
90-91	25.227	25.212	24.459500000000002	25.101499999999998
92-93	25.418000000000003	25.113000000000003	24.6775	24.7915
94-95	25.6735	25.0475	24.379	24.9
96-97	25.5685	24.9555	24.3615	25.1145
98-99	25.5365	25.2075	24.47	24.786
100	25.659	25.067	24.241	25.033
>>END_MODULE
>>Per sequence GC content	pass
#GC Content	Count
0	0.0
1	0.0
2	0.0
3	0.0
4	0.0
5	0.0
6	0.0
7	1.0
8	1.0
9	1.0
10	1.0
11	0.0
12	0.0
13	1.0
14	1.0
15	1.0
16	2.5
17	3.0
18	2.5
19	5.5
20	11.5
21	16.5
22	26.0
23	43.0
24	54.5
25	68.5
26	97.0
27	129.0
28	185.5
29	261.0
30	321.5
31	391.5
32	479.5
33	570.5
34	705.0
35	888.5
36	1077.0
37	1243.0
38	1413.0
39	1655.0
40	1946.5
41	2185.0
42	2470.0
43	2776.0
44	3112.0
45	3459.5
46	3662.0
47	3962.0
48	4398.0
49	4612.5
50	4781.5
51	4938.0
52	4932.5
53	4861.5
54	4732.0
55	4555.5
56	4252.5
57	3912.0
58	3627.0
59	3292.0
60	2921.5
61	2574.0
62	2150.0
63	1676.5
64	1299.0
65	1013.5
66	744.5
67	510.0
68	331.5
69	227.0
70	147.5
71	88.0
72	61.5
73	40.5
74	30.0
75	21.5
76	11.5
77	10.0
78	7.0
79	4.0
80	3.5
81	2.0
82	0.0
83	0.0
84	0.0
85	0.0
86	0.0
87	0.0
88	0.0
89	0.0
90	0.0
91	0.0
92	0.0
93	0.0
94	0.0
95	0.0
96	0.0
97	0.0
98	0.0
99	0.0
100	0.0
>>END_MODULE
>>Per base N content	pass
#Base	N-Count
1	0.0
2	0.0
3	0.0
4	0.0
5	0.0
6	0.0
7	0.0
8	0.0
9	0.0
10-11	0.0
12-13	0.0
14-15	0.0
16-17	0.0
18-19	0.0
20-21	0.0
22-23	0.0
24-25	0.0
26-27	0.0
28-29	0.0
30-31	0.0
32-33	0.0
34-35	0.0
36-37	0.0
38-39	0.0
40-41	0.0
42-43	0.0
44-45	0.0
46-47	0.0
48-49	0.0
50-51	0.0
52-53	0.0
54-55	0.0
56-57	0.0
58-59	0.0
60-61	0.0
62-63	0.0
64-65	0.0
66-67	0.0
68-69	0.0
70-71	0.0
72-73	0.0
74-75	0.0
76-77	0.0
78-79	0.0
80-81	0.0
82-83	0.0
84-85	0.0
86-87	0.0
88-89	0.0
90-91	0.0
92-93	0.0
94-95	0.0
96-97	0.0
98-99	0.0
100	0.0
>>END_MODULE
>>Sequence Length Distribution	pass
#Length	Count
100	100000.0
>>END_MODULE
>>Sequence Duplication Levels	pass
#Total Deduplicated Percentage	91.548
#Duplication Level	Percentage of deduplicated	Percentage of total
1	94.99279066719099	86.964
2	3.7204526587145543	6.812
3	0.643378337047232	1.7670000000000001
4	0.2184646305763097	0.8
5	0.10267837637086556	0.47000000000000003
6	0.07100100493730065	0.38999999999999996
7	0.06226241971424827	0.39899999999999997
8	0.03167737143356491	0.232
9	0.020754139904749423	0.17099999999999999
>10	0.13435574780443046	1.8679999999999999
>50	0.002184646305763097	0.127
>100	0.0	0.0
>500	0.0	0.0
>1k	0.0	0.0
>5k	0.0	0.0
>10k+	0.0	0.0
>>END_MODULE
>>Overrepresented sequences	pass
>>END_MODULE
>>Adapter Content	pass
#Position	Illumina Universal Adapter	Illumina Small RNA 3' Adapter	Illumina Small RNA 5' Adapter	Nextera Transposase Sequence	SOLID Small RNA Adapter
1	0.0	0.0	0.0	0.0	0.0
2	0.0	0.0	0.0	0.0	0.0
3	0.0	0.0	0.0	0.0	0.0
4	0.0	0.0	0.0	0.0	0.0
5	0.0	0.0	0.0	0.0	0.0
6	0.0	0.0	0.0	0.0	0.0
7	0.0	0.0	0.0	0.0	0.0
8	0.0	0.0	0.0	0.0	0.0
9	0.0	0.0	0.0	0.0	0.0
10-11	0.0	0.0	0.0	0.0	0.0
12-13	0.0	0.0	0.0	0.0	0.0
14-15	0.0	0.0	0.0	0.0	0.0
16-17	0.0	0.0	0.0	0.0	0.0
18-19	0.0	0.0	0.0	0.0	0.0
20-21	0.0	0.0	0.0	0.0	0.0
22-23	0.0	0.0	0.0	0.0	0.0
24-25	0.0	0.0	0.0	0.0	0.0
26-27	0.0	0.0	0.0	0.0	0.0
28-29	0.0	0.0	0.0	0.0	0.0
30-31	0.0	0.0	0.0	0.0	0.0
32-33	0.0	0.0	0.0	0.0	0.0
34-35	0.0	0.0	0.0	0.0	0.0
36-37	0.0	0.0	0.0	0.0	0.0
38-39	0.0	0.0	0.0	0.0	0.0
40-41	0.0	0.0	0.0	0.0	0.0
42-43	0.0	0.0	0.0	0.0	0.0
44-45	0.0	0.0	0.0	0.0	0.0
46-47	0.0	0.0	0.0	0.0	0.0
48-49	0.0	0.0	0.0	0.0	0.0
50-51	0.0	0.0	0.0	0.0	0.0
52-53	0.0	0.0	0.0	0.0	0.0
54-55	0.0	0.0	0.0	0.0	0.0
56-57	0.0	0.0	0.0	0.0	0.0
58-59	0.0	0.0	0.0	0.0	0.0
60-61	0.0	0.0	0.0	0.0	0.0
62-63	0.0	0.0	0.0	0.0	0.0
64-65	0.0	0.0	0.0	0.0	0.0
66-67	0.0	0.0	0.0	0.0	0.0
68-69	0.0	0.0	0.0	0.0	0.0
70-71	0.0	0.0	0.0	0.0	0.0
72-73	0.0	0.0	0.0	0.0	0.0
74-75	0.0	0.0	0.0	0.0	0.0
76-77	0.0	0.0	0.0	0.0	0.0
78-79	0.0	0.0	0.0	0.0	0.0
80-81	0.0	0.0	0.0	0.0	0.0
82-83	0.0	0.0	0.0	0.0	0.0
84-85	0.0	0.0	0.0	0.0	0.0
86-87	0.0	0.0	0.0	0.0	0.0
88-89	0.0	0.0	0.0	0.0	0.0
>>END_MODULE
