##FastQC	0.11.9
>>Basic Statistics	pass
#Measure	Value
Filename	Tco-480_2.fq.gz
File type	Conventional base calls
Encoding	Sanger / Illumina 1.9
Total Sequences	100000
Sequences flagged as poor quality	0
Sequence length	100
%GC	50
>>END_MODULE
>>Per base sequence quality	pass
#Base	Mean	Median	Lower Quartile	Upper Quartile	10th Percentile	90th Percentile
1	35.00659	37.0	35.0	37.0	30.0	37.0
2	35.09517	37.0	35.0	37.0	30.0	37.0
3	35.19485	37.0	36.0	37.0	30.0	38.0
4	35.22218	37.0	36.0	37.0	31.0	38.0
5	35.14572	37.0	35.0	37.0	30.0	38.0
6	35.01598	37.0	35.0	37.0	30.0	38.0
7	35.03978	37.0	35.0	37.0	30.0	38.0
8	35.12633	37.0	35.0	37.0	30.0	38.0
9	35.08003	37.0	35.0	37.0	30.0	38.0
10-11	35.043890000000005	37.0	35.0	37.0	30.0	38.0
12-13	35.048925	37.0	35.0	37.0	30.0	38.0
14-15	35.00594	37.0	35.0	37.0	30.0	38.0
16-17	34.986194999999995	37.0	35.0	37.0	30.0	38.0
18-19	34.976060000000004	37.0	35.0	37.0	30.0	38.0
20-21	34.8909	37.0	35.0	37.0	29.0	38.0
22-23	34.868485	37.0	35.0	37.0	29.0	38.0
24-25	34.872575	37.0	35.0	37.0	29.0	38.0
26-27	34.817364999999995	37.0	35.0	37.0	29.0	38.0
28-29	34.770844999999994	37.0	35.0	37.0	29.0	38.0
30-31	34.760365	37.0	35.0	37.0	29.0	38.0
32-33	34.70538	37.0	35.0	37.0	29.0	38.0
34-35	34.701145	37.0	35.0	37.0	29.0	38.0
36-37	34.65147	37.0	35.0	37.0	29.0	38.0
38-39	34.582515	37.0	35.0	37.0	28.0	38.0
40-41	34.559870000000004	37.0	35.0	37.0	28.0	38.0
42-43	34.44991	37.0	34.0	37.0	28.0	38.0
44-45	34.43063	37.0	34.0	37.0	28.0	38.0
46-47	34.381315	37.0	34.0	37.0	28.0	38.0
48-49	34.314769999999996	37.0	34.0	37.0	27.5	38.0
50-51	34.265085	37.0	34.0	37.0	27.0	38.0
52-53	34.221925	37.0	34.0	37.0	27.0	38.0
54-55	34.166035	37.0	34.0	37.0	27.0	38.0
56-57	34.11923	37.0	34.0	37.0	27.0	38.0
58-59	34.091105	37.0	34.0	37.0	26.5	38.0
60-61	33.99074	37.0	34.0	37.0	26.0	38.0
62-63	33.828475	37.0	33.0	37.0	26.0	38.0
64-65	33.807385	37.0	33.0	37.0	26.0	38.0
66-67	33.80073	37.0	33.0	37.0	26.0	38.0
68-69	33.62899	37.0	33.0	37.0	25.0	38.0
70-71	33.59295	37.0	33.0	37.0	25.0	38.0
72-73	33.545405	36.0	33.0	37.0	25.0	38.0
74-75	33.511179999999996	36.0	33.0	37.0	25.0	38.0
76-77	33.365700000000004	36.0	32.0	37.0	24.0	38.0
78-79	33.30699	36.0	32.0	37.0	24.0	38.0
80-81	33.203125	36.0	32.0	37.0	24.0	37.5
82-83	33.100085	36.0	32.0	37.0	23.5	37.0
84-85	33.046504999999996	36.0	32.0	37.0	23.0	37.0
86-87	32.920910000000006	36.0	32.0	37.0	23.0	37.0
88-89	32.819845	36.0	31.5	37.0	22.0	37.0
90-91	32.679465	36.0	31.0	37.0	22.0	37.0
92-93	32.600049999999996	36.0	31.0	37.0	22.0	37.0
94-95	32.55406	36.0	31.0	37.0	22.0	37.0
96-97	32.43826	36.0	31.0	37.0	21.0	37.0
98-99	32.254940000000005	36.0	30.0	37.0	21.0	37.0
100	32.22261	36.0	30.0	37.0	21.0	37.0
>>END_MODULE
>>Per sequence quality scores	pass
#Quality	Count
21	36.0
22	161.0
23	438.0
24	902.0
25	1185.0
26	1415.0
27	1863.0
28	2227.0
29	2848.0
30	3495.0
31	4574.0
32	6291.0
33	8481.0
34	13219.0
35	22314.0
36	29052.0
37	1499.0
>>END_MODULE
>>Per base sequence content	fail
#Base	G	A	T	C
1	40.209	12.312	8.412	39.067
2	28.561999999999998	17.27	35.947	18.221
3	22.820999999999998	21.48	23.392	32.307
4	27.489	30.032999999999998	21.102	21.376
5	24.483	30.694	24.412	20.411
6	20.397000000000002	33.2	26.962999999999997	19.439999999999998
7	20.095	17.375	39.805	22.725
8	23.011	22.027	28.488999999999997	26.473000000000003
9	23.169	21.176000000000002	29.819000000000003	25.836
10-11	25.088	29.4685	21.247	24.1965
12-13	24.3155	23.302500000000002	27.419500000000003	24.962500000000002
14-15	23.9975	25.428	26.2925	24.282
16-17	25.258000000000003	24.9375	25.518	24.2865
18-19	25.230999999999998	25.2355	24.9445	24.589
20-21	25.3615	25.3585	24.9885	24.2915
22-23	25.124000000000002	25.56	24.826999999999998	24.489
24-25	25.1815	25.338	24.7515	24.729
26-27	24.6785	25.668999999999997	25.0365	24.616
28-29	25.003500000000003	25.393500000000003	24.9135	24.6895
30-31	25.1195	25.335	24.6095	24.936
32-33	25.097	25.438	24.7655	24.6995
34-35	25.348	25.503999999999998	24.4185	24.729499999999998
36-37	24.9055	25.345000000000002	24.664	25.0855
38-39	24.964	25.351499999999998	24.9	24.7845
40-41	25.072499999999998	25.333	24.6955	24.898999999999997
42-43	25.15	25.1585	24.712	24.979499999999998
44-45	25.1325	25.302999999999997	24.823	24.7415
46-47	25.222499999999997	25.529000000000003	24.5125	24.736
48-49	25.276500000000002	25.14	24.6235	24.959999999999997
50-51	25.024	25.278499999999998	24.7	24.9975
52-53	25.369000000000003	25.230000000000004	24.605	24.796000000000003
54-55	25.066	24.9925	24.7075	25.234
56-57	24.9715	25.144	24.8505	25.034
58-59	25.129	25.129	24.7995	24.942500000000003
60-61	25.243	24.6905	24.865499999999997	25.201
62-63	25.005	24.9655	24.871	25.1585
64-65	25.2675	24.986	24.526	25.2205
66-67	25.2695	25.075999999999997	24.494	25.160500000000003
68-69	25.122	24.8725	24.878	25.1275
70-71	25.5	24.92	24.3875	25.192500000000003
72-73	25.3475	24.678	24.767500000000002	25.207
74-75	25.313000000000002	24.7185	24.991	24.9775
76-77	25.308000000000003	24.959500000000002	24.6355	25.097
78-79	25.322499999999998	24.8365	24.6095	25.2315
80-81	25.141000000000002	24.909	24.9645	24.9855
82-83	25.5915	24.7405	24.6535	25.0145
84-85	25.294	24.921	24.6395	25.1455
86-87	25.247999999999998	25.0315	24.566499999999998	25.154
88-89	25.480999999999998	24.862000000000002	24.488	25.169000000000004
90-91	25.4835	24.8215	24.443	25.252000000000002
92-93	25.267	24.884999999999998	24.745	25.102999999999998
94-95	25.403	25.2315	24.438499999999998	24.927
96-97	25.601499999999998	25.016500000000004	24.4635	24.918499999999998
98-99	25.45	24.953500000000002	24.579500000000003	25.017
100	25.930999999999997	24.622	24.206	25.241000000000003
>>END_MODULE
>>Per sequence GC content	pass
#GC Content	Count
0	0.0
1	0.0
2	0.0
3	0.0
4	0.0
5	0.0
6	0.0
7	0.5
8	0.5
9	0.0
10	0.5
11	0.5
12	0.5
13	0.5
14	0.5
15	1.0
16	2.0
17	3.5
18	6.0
19	7.5
20	9.0
21	16.0
22	20.5
23	25.5
24	36.5
25	57.5
26	96.5
27	139.5
28	176.0
29	235.5
30	299.5
31	361.5
32	468.5
33	591.5
34	733.0
35	905.5
36	1095.0
37	1261.5
38	1402.5
39	1616.0
40	1862.5
41	2151.5
42	2471.5
43	2815.0
44	3122.5
45	3456.5
46	3800.5
47	4096.5
48	4356.5
49	4622.0
50	4827.5
51	4895.0
52	4833.0
53	4742.5
54	4741.5
55	4657.0
56	4340.0
57	3954.0
58	3679.0
59	3312.5
60	2891.0
61	2475.5
62	2062.0
63	1660.0
64	1288.0
65	977.5
66	724.5
67	520.0
68	351.5
69	241.0
70	172.0
71	113.0
72	78.5
73	56.0
74	31.0
75	18.5
76	11.5
77	6.0
78	4.0
79	3.0
80	1.5
81	1.5
82	2.0
83	1.0
84	0.0
85	0.5
86	1.0
87	0.5
88	0.0
89	0.0
90	0.0
91	0.0
92	0.0
93	0.0
94	0.0
95	0.0
96	0.0
97	0.0
98	0.0
99	0.0
100	0.0
>>END_MODULE
>>Per base N content	pass
#Base	N-Count
1	0.0
2	0.0
3	0.0
4	0.0
5	0.0
6	0.0
7	0.0
8	0.0
9	0.0
10-11	0.0
12-13	0.0
14-15	0.0
16-17	0.0
18-19	0.0
20-21	0.0
22-23	0.0
24-25	0.0
26-27	0.0
28-29	0.0
30-31	0.0
32-33	0.0
34-35	0.0
36-37	0.0
38-39	0.0
40-41	0.0
42-43	0.0
44-45	0.0
46-47	0.0
48-49	0.0
50-51	0.0
52-53	0.0
54-55	0.0
56-57	0.0
58-59	0.0
60-61	0.0
62-63	0.0
64-65	0.0
66-67	0.0
68-69	0.0
70-71	0.0
72-73	0.0
74-75	0.0
76-77	0.0
78-79	0.0
80-81	0.0
82-83	0.0
84-85	0.0
86-87	0.0
88-89	0.0
90-91	0.0
92-93	0.0
94-95	0.0
96-97	0.0
98-99	0.0
100	0.0
>>END_MODULE
>>Sequence Length Distribution	pass
#Length	Count
100	100000.0
>>END_MODULE
>>Sequence Duplication Levels	pass
#Total Deduplicated Percentage	91.725
#Duplication Level	Percentage of deduplicated	Percentage of total
1	93.91332788225675	86.142
2	4.850367947669665	8.898
3	0.6454074679749251	1.7760000000000002
4	0.27473426001635326	1.008
5	0.11011174707004634	0.505
6	0.06541291905151267	0.36
7	0.04578904333605887	0.294
8	0.01853366039792859	0.136
9	0.021804306350504225	0.18
>10	0.05451076587626057	0.701
>50	0.0	0.0
>100	0.0	0.0
>500	0.0	0.0
>1k	0.0	0.0
>5k	0.0	0.0
>10k+	0.0	0.0
>>END_MODULE
>>Overrepresented sequences	pass
>>END_MODULE
>>Adapter Content	pass
#Position	Illumina Universal Adapter	Illumina Small RNA 3' Adapter	Illumina Small RNA 5' Adapter	Nextera Transposase Sequence	SOLID Small RNA Adapter
1	0.0	0.0	0.0	0.0	0.0
2	0.0	0.0	0.0	0.0	0.0
3	0.0	0.0	0.0	0.0	0.0
4	0.0	0.0	0.0	0.0	0.0
5	0.0	0.0	0.0	0.0	0.0
6	0.0	0.0	0.0	0.0	0.0
7	0.0	0.0	0.0	0.0	0.0
8	0.0	0.0	0.0	0.0	0.0
9	0.0	0.0	0.0	0.0	0.0
10-11	0.0	0.0	0.0	0.0	0.0
12-13	0.0	0.0	0.0	0.0	0.0
14-15	0.0	0.0	0.0	0.0	0.0
16-17	0.0	0.0	0.0	0.0	0.0
18-19	0.0	0.0	0.0	0.0	0.0
20-21	0.0	0.0	0.0	0.0	0.0
22-23	0.0	0.0	0.0	0.0	0.0
24-25	0.0	0.0	0.0	0.0	0.0
26-27	0.0	0.0	0.0	0.0	0.0
28-29	0.0	0.0	0.0	0.0	0.0
30-31	0.0	0.0	0.0	0.0	0.0
32-33	0.0	0.0	0.0	0.0	0.0
34-35	0.0	0.0	0.0	0.0	0.0
36-37	0.0	0.0	0.0	0.0	0.0
38-39	0.0	0.0	0.0	0.0	0.0
40-41	0.0	0.0	0.0	0.0	0.0
42-43	0.0	0.0	0.0	0.0	0.0
44-45	0.0	0.0	0.0	0.0	0.0
46-47	0.0	0.0	0.0	0.0	0.0
48-49	0.0	0.0	0.0	0.0	0.0
50-51	0.0	0.0	0.0	0.0	0.0
52-53	0.0	0.0	0.0	0.0	0.0
54-55	0.0	0.0	0.0	0.0	0.0
56-57	0.0	0.0	0.0	0.0	0.0
58-59	0.0	0.0	0.0	0.0	0.0
60-61	0.0	0.0	0.0	0.0	0.0
62-63	0.0	0.0	0.0	0.0	0.0
64-65	0.0	0.0	0.0	0.0	0.0
66-67	0.0	0.0	0.0	0.0	0.0
68-69	0.0	0.0	0.0	0.0	0.0
70-71	0.0	0.0	0.0	0.0	0.0
72-73	0.0	0.0	0.0	0.0	0.0
74-75	0.0	0.0	0.0	0.0	0.0
76-77	0.0	0.0	0.0	0.0	0.0
78-79	0.0	0.0	0.0	0.0	0.0
80-81	0.0	0.0	0.0	0.0	0.0
82-83	0.0	0.0	0.0	0.0	0.0
84-85	0.0	0.0	0.0	0.0	0.0
86-87	0.0	0.0	0.0	0.0	0.0
88-89	0.0	0.0	0.0	0.0	0.0
>>END_MODULE
