##FastQC	0.11.9
>>Basic Statistics	pass
#Measure	Value
Filename	Tco-159_1.fq.gz
File type	Conventional base calls
Encoding	Sanger / Illumina 1.9
Total Sequences	100000
Sequences flagged as poor quality	0
Sequence length	100
%GC	49
>>END_MODULE
>>Per base sequence quality	pass
#Base	Mean	Median	Lower Quartile	Upper Quartile	10th Percentile	90th Percentile
1	35.2652	37.0	36.0	37.0	30.0	37.0
2	35.13634	37.0	35.0	37.0	30.0	38.0
3	35.43164	37.0	36.0	37.0	31.0	38.0
4	35.42863	37.0	36.0	37.0	31.0	38.0
5	35.41525	37.0	36.0	37.0	31.0	38.0
6	35.42158	37.0	36.0	37.0	31.0	38.0
7	35.53675	37.0	36.0	37.0	32.0	38.0
8	35.48732	37.0	36.0	37.0	31.0	38.0
9	35.4634	37.0	36.0	37.0	31.0	38.0
10-11	35.405575	37.0	36.0	37.0	31.0	38.0
12-13	35.49862	37.0	36.0	37.0	31.0	38.0
14-15	35.472089999999994	37.0	36.0	37.0	31.0	38.0
16-17	35.381299999999996	37.0	36.0	37.0	31.0	38.0
18-19	35.3858	37.0	36.0	37.0	31.0	38.0
20-21	35.362305	37.0	36.0	37.0	31.0	38.0
22-23	35.353139999999996	37.0	36.0	37.0	31.0	38.0
24-25	35.395705	37.0	36.0	37.0	31.0	38.0
26-27	35.37593	37.0	36.0	37.0	31.0	38.0
28-29	35.359285	37.0	36.0	37.0	31.0	38.0
30-31	35.353995	37.0	36.0	37.0	31.0	38.0
32-33	35.35785	37.0	36.0	37.0	31.0	38.0
34-35	35.35622	37.0	36.0	37.0	31.0	38.0
36-37	35.36037	37.0	36.0	37.0	31.0	38.0
38-39	35.346005000000005	37.0	36.0	37.0	31.0	38.0
40-41	35.336135	37.0	36.0	37.0	31.0	38.0
42-43	35.325765000000004	37.0	36.0	37.0	31.0	38.0
44-45	35.311049999999994	37.0	36.0	37.0	31.0	38.0
46-47	35.306430000000006	37.0	36.0	37.0	31.0	38.0
48-49	35.306380000000004	37.0	36.0	37.0	31.0	38.0
50-51	35.301065	37.0	36.0	37.0	31.0	38.0
52-53	35.269825	37.0	36.0	37.0	31.0	38.0
54-55	35.253995	37.0	36.0	37.0	31.0	38.0
56-57	35.249825	37.0	36.0	37.0	30.5	38.0
58-59	35.232755	37.0	36.0	37.0	31.0	38.0
60-61	35.217715	37.0	36.0	37.0	30.5	38.0
62-63	35.1927	37.0	35.5	37.0	30.0	38.0
64-65	35.175965000000005	37.0	35.5	37.0	30.0	38.0
66-67	35.15951	37.0	35.0	37.0	30.0	38.0
68-69	35.115905	37.0	35.0	37.0	30.0	38.0
70-71	35.109395	37.0	35.0	37.0	30.0	38.0
72-73	35.07703	37.0	35.0	37.0	30.0	38.0
74-75	35.080124999999995	37.0	35.0	37.0	30.0	38.0
76-77	35.019454999999994	37.0	35.0	37.0	30.0	38.0
78-79	34.99983	37.0	35.0	37.0	30.0	38.0
80-81	34.98946	37.0	35.0	37.0	30.0	38.0
82-83	34.92201	37.0	35.0	37.0	29.0	38.0
84-85	34.89786	37.0	35.0	37.0	29.0	38.0
86-87	34.847105	37.0	35.0	37.0	29.0	38.0
88-89	34.812425000000005	37.0	35.0	37.0	29.0	38.0
90-91	34.79123	37.0	35.0	37.0	29.0	38.0
92-93	34.718005	37.0	35.0	37.0	29.0	38.0
94-95	34.68542	37.0	35.0	37.0	28.5	38.0
96-97	34.667649999999995	37.0	35.0	37.0	29.0	38.0
98-99	34.601015000000004	37.0	35.0	37.0	28.0	38.0
100	34.61626	37.0	35.0	37.0	28.0	38.0
>>END_MODULE
>>Per sequence quality scores	pass
#Quality	Count
21	1.0
22	20.0
23	64.0
24	141.0
25	264.0
26	471.0
27	847.0
28	1273.0
29	1769.0
30	2549.0
31	3341.0
32	4261.0
33	5830.0
34	8563.0
35	17016.0
36	44747.0
37	8843.0
>>END_MODULE
>>Per base sequence content	fail
#Base	G	A	T	C
1	41.661	12.537999999999998	8.575000000000001	37.226
2	28.242	18.162	36.32	17.276
3	23.328	21.944	23.536	31.191999999999997
4	27.322000000000003	30.368000000000002	21.172	21.138
5	24.624	30.692000000000004	24.313000000000002	20.371
6	20.921	33.135999999999996	26.671	19.272
7	20.002	17.562	39.918	22.518
8	23.366	22.233	28.483000000000004	25.918000000000003
9	23.000999999999998	21.099	30.043999999999997	25.856
10-11	24.9785	29.696	21.3685	23.957
12-13	24.4055	23.446	27.419500000000003	24.729
14-15	23.8725	25.202	26.917	24.008499999999998
16-17	25.3095	24.937	25.686500000000002	24.067
18-19	25.098	25.2135	25.3905	24.298000000000002
20-21	25.183	25.3795	25.223499999999998	24.214
22-23	25.171	25.633499999999998	25.0605	24.135
24-25	25.144499999999997	25.433	25.1275	24.295
26-27	24.7115	25.514	25.442999999999998	24.331500000000002
28-29	24.9915	25.3285	25.398	24.282
30-31	25.026500000000002	25.1585	25.182	24.633
32-33	24.9555	25.291999999999998	25.218	24.5345
34-35	25.4895	25.105499999999996	25.006	24.399
36-37	24.8615	25.283499999999997	25.125500000000002	24.729499999999998
38-39	24.9035	25.228499999999997	25.383	24.485
40-41	25.094	25.036	25.097	24.773
42-43	25.25	24.9025	25.3255	24.522
44-45	25.0565	25.118499999999997	25.401	24.424
46-47	25.151	25.338500000000003	24.935499999999998	24.575
48-49	25.023	25.020999999999997	25.116500000000002	24.8395
50-51	24.898999999999997	25.033499999999997	25.195	24.8725
52-53	25.320999999999998	25.076500000000003	25.044499999999996	24.558
54-55	25.0745	25.0085	25.139499999999998	24.7775
56-57	24.971	25.080999999999996	25.47	24.478
58-59	25.106499999999997	25.033	25.131999999999998	24.7285
60-61	24.9695	25.0605	24.990000000000002	24.98
62-63	24.954	25.0135	25.295	24.7375
64-65	25.2755	24.8795	25.052999999999997	24.792
66-67	25.067	24.9405	25.067	24.9255
68-69	24.9275	25.1175	25.2495	24.7055
70-71	25.091	24.908	25.121	24.88
72-73	25.129	24.6805	25.174999999999997	25.015500000000003
74-75	25.302000000000003	24.568	25.3195	24.810499999999998
76-77	25.122	24.9365	25.150499999999997	24.791
78-79	24.94	24.854499999999998	25.186999999999998	25.0185
80-81	24.831	24.689	25.539	24.941
82-83	25.139	24.994	25.1585	24.7085
84-85	24.9645	24.7795	25.2335	25.022499999999997
86-87	24.9165	24.7975	25.2915	24.9945
88-89	24.9835	24.983	25.173499999999997	24.86
90-91	24.837999999999997	24.83	25.2675	25.064500000000002
92-93	24.654999999999998	24.8785	25.606	24.8605
94-95	24.9115	25.0315	25.11	24.947
96-97	24.9495	24.8325	25.173499999999997	25.044499999999996
98-99	24.9605	25.1955	25.064500000000002	24.7795
100	25.035	24.982	25.178	24.805
>>END_MODULE
>>Per sequence GC content	pass
#GC Content	Count
0	0.0
1	0.0
2	0.0
3	0.5
4	0.5
5	0.0
6	0.0
7	0.0
8	0.0
9	0.0
10	0.5
11	1.5
12	1.5
13	1.5
14	2.5
15	3.5
16	3.5
17	4.0
18	6.0
19	8.5
20	13.5
21	20.0
22	24.0
23	35.0
24	51.0
25	68.0
26	103.5
27	156.5
28	209.0
29	255.5
30	330.0
31	442.0
32	544.5
33	641.0
34	789.5
35	945.5
36	1135.5
37	1341.5
38	1489.5
39	1716.0
40	2035.5
41	2291.0
42	2621.0
43	2978.0
44	3241.0
45	3529.5
46	3853.5
47	4205.0
48	4488.5
49	4696.5
50	4871.0
51	4925.5
52	4869.5
53	4703.5
54	4601.0
55	4462.5
56	4180.0
57	3883.5
58	3460.5
59	3140.0
60	2812.0
61	2400.5
62	1970.0
63	1482.0
64	1120.0
65	859.5
66	648.5
67	454.0
68	294.0
69	200.5
70	139.5
71	87.0
72	53.0
73	38.5
74	23.0
75	15.5
76	10.0
77	4.5
78	1.5
79	0.5
80	1.5
81	1.5
82	1.0
83	0.5
84	0.0
85	0.0
86	0.0
87	0.0
88	0.0
89	0.0
90	0.0
91	0.0
92	0.0
93	0.0
94	0.0
95	0.0
96	0.0
97	0.0
98	0.0
99	0.0
100	0.0
>>END_MODULE
>>Per base N content	pass
#Base	N-Count
1	0.0
2	0.0
3	0.0
4	0.0
5	0.0
6	0.0
7	0.0
8	0.0
9	0.0
10-11	0.0
12-13	0.0
14-15	0.0
16-17	0.0
18-19	0.0
20-21	0.0
22-23	0.0
24-25	0.0
26-27	0.0
28-29	0.0
30-31	0.0
32-33	0.0
34-35	0.0
36-37	0.0
38-39	0.0
40-41	0.0
42-43	0.0
44-45	0.0
46-47	0.0
48-49	0.0
50-51	0.0
52-53	0.0
54-55	0.0
56-57	0.0
58-59	0.0
60-61	0.0
62-63	0.0
64-65	0.0
66-67	0.0
68-69	0.0
70-71	0.0
72-73	0.0
74-75	0.0
76-77	0.0
78-79	0.0
80-81	0.0
82-83	0.0
84-85	0.0
86-87	0.0
88-89	0.0
90-91	0.0
92-93	0.0
94-95	0.0
96-97	0.0
98-99	0.0
100	0.0
>>END_MODULE
>>Sequence Length Distribution	pass
#Length	Count
100	100000.0
>>END_MODULE
>>Sequence Duplication Levels	pass
#Total Deduplicated Percentage	92.438
#Duplication Level	Percentage of deduplicated	Percentage of total
1	94.46439775849758	87.321
2	4.362924338475518	8.065999999999999
3	0.6631471905493412	1.839
4	0.22501568618966228	0.832
5	0.10818061836041454	0.5
6	0.05517211536381142	0.306
7	0.032454185508124365	0.21
8	0.027045154590103634	0.2
9	0.016227092754062183	0.135
>10	0.04543585971137411	0.5910000000000001
>50	0.0	0.0
>100	0.0	0.0
>500	0.0	0.0
>1k	0.0	0.0
>5k	0.0	0.0
>10k+	0.0	0.0
>>END_MODULE
>>Overrepresented sequences	pass
>>END_MODULE
>>Adapter Content	pass
#Position	Illumina Universal Adapter	Illumina Small RNA 3' Adapter	Illumina Small RNA 5' Adapter	Nextera Transposase Sequence	SOLID Small RNA Adapter
1	0.0	0.0	0.0	0.0	0.0
2	0.0	0.0	0.0	0.0	0.0
3	0.0	0.0	0.0	0.0	0.0
4	0.0	0.0	0.0	0.0	0.0
5	0.0	0.0	0.0	0.0	0.0
6	0.0	0.0	0.0	0.0	0.0
7	0.0	0.0	0.0	0.0	0.0
8	0.0	0.0	0.0	0.0	0.0
9	0.0	0.0	0.0	0.0	0.0
10-11	0.0	0.0	0.0	0.0	0.0
12-13	0.0	0.0	0.0	0.0	0.0
14-15	0.0	0.0	0.0	0.0	0.0
16-17	0.0	0.0	0.0	0.0	0.0
18-19	0.0	0.0	0.0	0.0	0.0
20-21	0.0	0.0	0.0	0.0	0.0
22-23	0.0	0.0	0.0	0.0	0.0
24-25	0.0	0.0	0.0	0.0	0.0
26-27	0.0	0.0	0.0	0.0	0.0
28-29	0.0	0.0	0.0	0.0	0.0
30-31	0.0	0.0	0.0	0.0	0.0
32-33	0.0	0.0	0.0	0.0	0.0
34-35	0.0	0.0	0.0	0.0	0.0
36-37	0.0	0.0	0.0	0.0	0.0
38-39	0.0	0.0	0.0	0.0	0.0
40-41	0.0	0.0	0.0	0.0	0.0
42-43	0.0	0.0	0.0	0.0	0.0
44-45	0.0	0.0	0.0	0.0	0.0
46-47	0.0	0.0	0.0	0.0	0.0
48-49	0.0	0.0	0.0	0.0	0.0
50-51	0.0	0.0	0.0	0.0	0.0
52-53	0.0	0.0	0.0	0.0	0.0
54-55	0.0	0.0	0.0	0.0	0.0
56-57	0.0	0.0	0.0	0.0	0.0
58-59	0.0	0.0	0.0	0.0	0.0
60-61	0.0	0.0	0.0	0.0	0.0
62-63	0.0	0.0	0.0	0.0	0.0
64-65	0.0	0.0	0.0	0.0	0.0
66-67	0.0	0.0	0.0	0.0	0.0
68-69	0.0	5.0E-4	0.0	0.0	0.0
70-71	0.0	0.001	0.0	0.0	0.0
72-73	0.0	0.001	0.0	0.0	0.0
74-75	0.0	0.001	0.0	0.0	0.0
76-77	0.0	0.001	0.0	0.0	0.0
78-79	0.0	0.001	0.0	0.0	0.0
80-81	0.0	0.001	0.0	0.0	0.0
82-83	0.0	0.001	0.0	0.0	0.0
84-85	0.0	0.001	0.0	0.0	0.0
86-87	0.0	0.001	0.0	0.0	0.0
88-89	0.0	0.001	0.0	0.0	0.0
>>END_MODULE
