##FastQC	0.11.9
>>Basic Statistics	pass
#Measure	Value
Filename	Tco-392_2.fq.gz
File type	Conventional base calls
Encoding	Sanger / Illumina 1.9
Total Sequences	100000
Sequences flagged as poor quality	0
Sequence length	100
%GC	50
>>END_MODULE
>>Per base sequence quality	pass
#Base	Mean	Median	Lower Quartile	Upper Quartile	10th Percentile	90th Percentile
1	35.0888	37.0	36.0	37.0	30.0	37.0
2	35.08021	37.0	35.0	37.0	30.0	37.0
3	35.24752	37.0	36.0	37.0	31.0	38.0
4	35.23868	37.0	36.0	37.0	31.0	38.0
5	35.14561	37.0	36.0	37.0	30.0	38.0
6	35.01384	37.0	35.0	37.0	30.0	38.0
7	35.11384	37.0	35.0	37.0	30.0	38.0
8	35.15945	37.0	36.0	37.0	30.0	38.0
9	35.09711	37.0	35.0	37.0	30.0	38.0
10-11	35.089105	37.0	35.0	37.0	30.0	38.0
12-13	35.112970000000004	37.0	35.0	37.0	30.0	38.0
14-15	35.031295	37.0	35.0	37.0	30.0	38.0
16-17	35.024	37.0	35.0	37.0	30.0	38.0
18-19	35.009280000000004	37.0	35.0	37.0	30.0	38.0
20-21	34.914649999999995	37.0	35.0	37.0	29.0	38.0
22-23	34.909909999999996	37.0	35.0	37.0	29.5	38.0
24-25	34.90133	37.0	35.0	37.0	29.0	38.0
26-27	34.879374999999996	37.0	35.0	37.0	29.0	38.0
28-29	34.831289999999996	37.0	35.0	37.0	29.0	38.0
30-31	34.791685	37.0	35.0	37.0	29.0	38.0
32-33	34.760165	37.0	35.0	37.0	29.0	38.0
34-35	34.745525	37.0	35.0	37.0	29.0	38.0
36-37	34.714925	37.0	35.0	37.0	29.0	38.0
38-39	34.64408	37.0	35.0	37.0	29.0	38.0
40-41	34.62865	37.0	35.0	37.0	29.0	38.0
42-43	34.524609999999996	37.0	35.0	37.0	28.0	38.0
44-45	34.466809999999995	37.0	34.5	37.0	28.0	38.0
46-47	34.44803	37.0	34.5	37.0	28.0	38.0
48-49	34.371365	37.0	34.0	37.0	27.5	38.0
50-51	34.37101	37.0	34.0	37.0	28.0	38.0
52-53	34.30744	37.0	34.0	37.0	27.0	38.0
54-55	34.248054999999994	37.0	34.0	37.0	27.0	38.0
56-57	34.17479	37.0	34.0	37.0	27.0	38.0
58-59	34.144194999999996	37.0	34.0	37.0	27.0	38.0
60-61	34.030605	37.0	34.0	37.0	26.5	38.0
62-63	33.934795	37.0	34.0	37.0	26.0	38.0
64-65	33.93656	37.0	34.0	37.0	26.0	38.0
66-67	33.862674999999996	37.0	33.0	37.0	26.0	38.0
68-69	33.751985000000005	37.0	33.0	37.0	25.5	38.0
70-71	33.71792000000001	37.0	33.0	37.0	25.0	38.0
72-73	33.656155	37.0	33.0	37.0	25.0	38.0
74-75	33.599305	37.0	33.0	37.0	25.0	38.0
76-77	33.478570000000005	36.0	33.0	37.0	25.0	38.0
78-79	33.42072	36.0	33.0	37.0	24.5	38.0
80-81	33.32665	36.0	32.0	37.0	24.0	38.0
82-83	33.22161	36.0	32.0	37.0	24.0	37.5
84-85	33.156099999999995	36.0	32.0	37.0	24.0	37.5
86-87	33.001144999999994	36.0	32.0	37.0	23.0	37.5
88-89	32.954605	36.0	31.5	37.0	23.0	37.0
90-91	32.844695	36.0	31.5	37.0	23.0	37.0
92-93	32.7342	36.0	31.0	37.0	22.0	37.0
94-95	32.721244999999996	36.0	31.0	37.0	22.0	37.0
96-97	32.578289999999996	36.0	31.0	37.0	22.0	37.0
98-99	32.42418	36.0	31.0	37.0	21.0	37.0
100	32.29596	36.0	30.0	37.0	21.0	37.0
>>END_MODULE
>>Per sequence quality scores	pass
#Quality	Count
21	18.0
22	152.0
23	440.0
24	828.0
25	1185.0
26	1413.0
27	1757.0
28	2095.0
29	2690.0
30	3433.0
31	4343.0
32	5882.0
33	8426.0
34	13033.0
35	22631.0
36	30208.0
37	1466.0
>>END_MODULE
>>Per base sequence content	fail
#Base	G	A	T	C
1	41.492000000000004	12.259	8.841000000000001	37.408
2	28.391	18.25	35.159	18.2
3	23.891000000000002	21.859	22.965	31.285
4	27.983000000000004	29.878	20.739	21.4
5	24.863	30.936999999999998	23.94	20.26
6	20.86	33.598	26.195	19.347
7	20.469	17.336	39.774	22.421
8	23.632	22.241	27.804000000000002	26.323
9	23.152	21.534	29.401	25.913000000000004
10-11	25.396	29.634	21.1535	23.816499999999998
12-13	24.495	23.4545	27.412999999999997	24.637500000000003
14-15	24.079	25.6125	26.306	24.002499999999998
16-17	25.094499999999996	25.4405	25.329	24.136
18-19	25.001	25.44	24.959500000000002	24.5995
20-21	25.157	25.473000000000003	25.0905	24.279500000000002
22-23	25.324	25.360500000000002	24.757	24.5585
24-25	25.1835	25.411499999999997	24.936	24.468999999999998
26-27	24.982499999999998	25.511499999999998	24.9715	24.5345
28-29	25.156	25.513	24.706500000000002	24.624499999999998
30-31	25.070999999999998	25.472	24.579500000000003	24.8775
32-33	24.918000000000003	25.666	24.640500000000003	24.7755
34-35	25.3675	25.39	24.548000000000002	24.6945
36-37	24.893	25.595499999999998	24.852	24.6595
38-39	25.070999999999998	25.3585	24.820999999999998	24.749499999999998
40-41	25.134	25.283	24.8945	24.688499999999998
42-43	25.1715	25.032	24.907	24.8895
44-45	24.975	25.400499999999997	24.839	24.7855
46-47	25.4345	25.3005	24.529999999999998	24.735
48-49	25.130999999999997	25.3795	24.4775	25.012
50-51	24.8805	25.282	24.847	24.990499999999997
52-53	25.474999999999998	25.013	24.7175	24.7945
54-55	25.011	24.9675	24.6545	25.367
56-57	24.987000000000002	25.2025	24.9025	24.908
58-59	25.380999999999997	25.1325	24.5705	24.916
60-61	25.1595	25.207	24.65	24.9835
62-63	25.1215	25.095	24.7845	24.999
64-65	25.378	25.0605	24.642	24.9195
66-67	25.435999999999996	25.080999999999996	24.4025	25.0805
68-69	25.2755	25.199500000000004	24.6355	24.8895
70-71	25.491000000000003	24.8565	24.645	25.0075
72-73	25.5575	24.773999999999997	24.498	25.1705
74-75	25.389	24.761	24.852	24.998
76-77	25.473000000000003	24.969	24.512	25.046000000000003
78-79	25.406000000000002	24.7955	24.5525	25.246000000000002
80-81	25.5615	24.8425	24.718999999999998	24.877
82-83	25.472499999999997	24.679000000000002	24.7455	25.102999999999998
84-85	25.5125	24.3025	24.982499999999998	25.2025
86-87	25.112000000000002	24.7745	25.1175	24.996
88-89	25.447999999999997	24.815	24.743000000000002	24.994
90-91	25.546999999999997	24.7755	24.38	25.2975
92-93	25.488	24.747	24.748	25.017
94-95	25.8055	25.083499999999997	24.281	24.83
96-97	25.724000000000004	24.6905	24.4805	25.105
98-99	25.66	24.91	24.3595	25.070500000000003
100	26.094	24.695	24.234	24.977
>>END_MODULE
>>Per sequence GC content	pass
#GC Content	Count
0	0.0
1	0.0
2	0.5
3	0.5
4	0.0
5	0.0
6	0.0
7	0.0
8	1.0
9	1.0
10	0.0
11	0.0
12	0.5
13	1.5
14	2.0
15	3.0
16	3.5
17	2.5
18	6.0
19	12.0
20	12.0
21	20.0
22	32.0
23	35.5
24	52.5
25	72.5
26	90.0
27	133.5
28	181.5
29	242.5
30	318.5
31	408.0
32	500.0
33	621.5
34	792.5
35	941.0
36	1079.5
37	1236.0
38	1429.5
39	1625.0
40	1918.0
41	2196.0
42	2447.0
43	2827.5
44	3136.0
45	3430.5
46	3732.5
47	4039.0
48	4367.5
49	4533.5
50	4671.0
51	4892.5
52	4910.0
53	4736.0
54	4580.0
55	4391.0
56	4153.5
57	3840.5
58	3567.5
59	3294.0
60	2934.0
61	2604.0
62	2216.5
63	1772.5
64	1372.5
65	1061.0
66	792.5
67	564.0
68	397.5
69	274.0
70	181.0
71	112.5
72	66.5
73	35.5
74	27.5
75	21.0
76	12.0
77	8.0
78	7.5
79	6.0
80	6.5
81	4.5
82	1.5
83	0.5
84	0.0
85	0.0
86	0.0
87	0.0
88	0.0
89	0.0
90	0.0
91	0.0
92	0.0
93	0.0
94	0.0
95	0.0
96	0.0
97	0.0
98	0.0
99	0.0
100	0.0
>>END_MODULE
>>Per base N content	pass
#Base	N-Count
1	0.0
2	0.0
3	0.0
4	0.0
5	0.0
6	0.0
7	0.0
8	0.0
9	0.0
10-11	0.0
12-13	0.0
14-15	0.0
16-17	0.0
18-19	0.0
20-21	0.0
22-23	0.0
24-25	0.0
26-27	0.0
28-29	0.0
30-31	0.0
32-33	0.0
34-35	0.0
36-37	0.0
38-39	0.0
40-41	0.0
42-43	0.0
44-45	0.0
46-47	0.0
48-49	0.0
50-51	0.0
52-53	0.0
54-55	0.0
56-57	0.0
58-59	0.0
60-61	0.0
62-63	0.0
64-65	0.0
66-67	0.0
68-69	0.0
70-71	0.0
72-73	0.0
74-75	0.0
76-77	0.0
78-79	0.0
80-81	0.0
82-83	0.0
84-85	0.0
86-87	0.0
88-89	0.0
90-91	0.0
92-93	0.0
94-95	0.0
96-97	0.0
98-99	0.0
100	0.0
>>END_MODULE
>>Sequence Length Distribution	pass
#Length	Count
100	100000.0
>>END_MODULE
>>Sequence Duplication Levels	pass
#Total Deduplicated Percentage	90.001
#Duplication Level	Percentage of deduplicated	Percentage of total
1	93.98117798691126	84.584
2	4.563282630192997	8.214
3	0.6422150864990389	1.7340000000000002
4	0.2855523827513028	1.028
5	0.15444272841412873	0.695
6	0.08888790124554172	0.48
7	0.07444361729314118	0.469
8	0.04111065432606304	0.296
9	0.03444406173264742	0.27899999999999997
>10	0.12888745680603547	1.926
>50	0.005555493827846357	0.295
>100	0.0	0.0
>500	0.0	0.0
>1k	0.0	0.0
>5k	0.0	0.0
>10k+	0.0	0.0
>>END_MODULE
>>Overrepresented sequences	pass
>>END_MODULE
>>Adapter Content	pass
#Position	Illumina Universal Adapter	Illumina Small RNA 3' Adapter	Illumina Small RNA 5' Adapter	Nextera Transposase Sequence	SOLID Small RNA Adapter
1	0.0	0.0	0.0	0.0	0.0
2	0.0	0.0	0.0	0.0	0.0
3	0.0	0.0	0.0	0.0	0.0
4	0.0	0.0	0.0	0.0	0.0
5	0.0	0.0	0.0	0.0	0.0
6	0.0	0.0	0.0	0.0	0.0
7	0.0	0.0	0.0	0.0	0.0
8	0.0	0.0	0.0	0.0	0.0
9	0.0	0.0	0.0	0.0	0.0
10-11	0.0	0.0	0.0	0.0	0.0
12-13	0.0	0.0	0.0	0.0	0.0
14-15	0.0	0.0	0.0	0.0	0.0
16-17	0.0	0.0	0.0	0.0	0.0
18-19	0.0	0.0	0.0	0.0	0.0
20-21	0.0	0.0	0.0	0.0	0.0
22-23	0.0	0.0	0.0	0.0	0.0
24-25	0.0	0.0	0.0	0.0	0.0
26-27	0.0	0.0	0.0	0.0	0.0
28-29	0.0	0.0	0.0	0.0	0.0
30-31	0.0	0.0	0.0	0.0	0.0
32-33	0.0	0.0	0.0	0.0	0.0
34-35	0.0	0.0	0.0	0.0	0.0
36-37	0.0	0.0	0.0	0.0	0.0
38-39	0.0	0.0	0.0	0.0	0.0
40-41	0.0	0.0	0.0	0.0	0.0
42-43	0.0	0.0	0.0	0.0	0.0
44-45	0.0	0.0	0.0	0.0	0.0
46-47	0.0	0.0	0.0	0.0	0.0
48-49	0.0	0.0	0.0	0.0	0.0
50-51	0.0	0.0	0.0	0.0	0.0
52-53	0.0	0.0	0.0	0.0	0.0
54-55	0.0	0.0	0.0	0.0	0.0
56-57	0.0	0.0	0.0	0.0	0.0
58-59	0.0	0.0	0.0	0.0	0.0
60-61	0.0	0.0	0.0	0.0	0.0
62-63	0.0	0.0	0.0	0.0	0.0
64-65	0.0	0.0	0.0	0.0	0.0
66-67	0.0	0.0	0.0	0.0	0.0
68-69	0.0	0.0	0.0	0.0	0.0
70-71	0.0	0.0	0.0	0.0	0.0
72-73	0.0	0.0	0.0	0.0	0.0
74-75	0.0	0.0	0.0	0.0	0.0
76-77	0.0	0.0	0.0	0.0	0.0
78-79	0.0	0.0	0.0	0.0	0.0
80-81	0.0	0.0	0.0	0.0	0.0
82-83	0.0	0.0	0.0	0.0	0.0
84-85	0.0	0.0	0.0	0.0	0.0
86-87	0.0	0.0	0.0	0.0	0.0
88-89	0.0	0.0	0.0	0.0	0.0
>>END_MODULE
