##FastQC	0.11.9
>>Basic Statistics	pass
#Measure	Value
Filename	Tco-122_1.fq.gz
File type	Conventional base calls
Encoding	Sanger / Illumina 1.9
Total Sequences	100000
Sequences flagged as poor quality	0
Sequence length	100
%GC	49
>>END_MODULE
>>Per base sequence quality	pass
#Base	Mean	Median	Lower Quartile	Upper Quartile	10th Percentile	90th Percentile
1	35.3537	37.0	36.0	37.0	31.0	37.0
2	35.22393	37.0	36.0	37.0	30.0	38.0
3	35.5301	37.0	36.0	37.0	31.0	38.0
4	35.49281	37.0	36.0	37.0	31.0	38.0
5	35.4945	37.0	36.0	37.0	31.0	38.0
6	35.4908	37.0	36.0	37.0	31.0	38.0
7	35.64078	37.0	36.0	37.0	32.0	38.0
8	35.58578	37.0	36.0	37.0	32.0	38.0
9	35.57087	37.0	36.0	37.0	32.0	38.0
10-11	35.4867	37.0	36.0	37.0	31.0	38.0
12-13	35.584435	37.0	36.0	37.0	32.0	38.0
14-15	35.52626	37.0	36.0	37.0	31.0	38.0
16-17	35.463775	37.0	36.0	37.0	31.0	38.0
18-19	35.477639999999994	37.0	36.0	37.0	31.0	38.0
20-21	35.453575	37.0	36.0	37.0	31.0	38.0
22-23	35.463205	37.0	36.0	37.0	31.0	38.0
24-25	35.48115	37.0	36.0	37.0	31.0	38.0
26-27	35.467475	37.0	36.0	37.0	31.0	38.0
28-29	35.47718	37.0	36.0	37.0	31.0	38.0
30-31	35.443905	37.0	36.0	37.0	31.0	38.0
32-33	35.45415	37.0	36.0	37.0	31.0	38.0
34-35	35.438525	37.0	36.0	37.0	31.0	38.0
36-37	35.441185000000004	37.0	36.0	37.0	31.0	38.0
38-39	35.410685	37.0	36.0	37.0	31.0	38.0
40-41	35.41439	37.0	36.0	37.0	31.0	38.0
42-43	35.415215	37.0	36.0	37.0	31.0	38.0
44-45	35.405820000000006	37.0	36.0	37.0	31.0	38.0
46-47	35.39481	37.0	36.0	37.0	31.0	38.0
48-49	35.399895	37.0	36.0	37.0	31.0	38.0
50-51	35.372420000000005	37.0	36.0	37.0	31.0	38.0
52-53	35.369794999999996	37.0	36.0	37.0	31.0	38.0
54-55	35.344454999999996	37.0	36.0	37.0	31.0	38.0
56-57	35.341105	37.0	36.0	37.0	31.0	38.0
58-59	35.319755	37.0	36.0	37.0	31.0	38.0
60-61	35.318965	37.0	36.0	37.0	31.0	38.0
62-63	35.283950000000004	37.0	36.0	37.0	31.0	38.0
64-65	35.251239999999996	37.0	36.0	37.0	31.0	38.0
66-67	35.248734999999996	37.0	36.0	37.0	31.0	38.0
68-69	35.194085	37.0	36.0	37.0	30.0	38.0
70-71	35.193165	37.0	35.5	37.0	30.0	38.0
72-73	35.153565	37.0	35.0	37.0	30.0	38.0
74-75	35.152820000000006	37.0	35.0	37.0	30.0	38.0
76-77	35.107005	37.0	35.0	37.0	30.0	38.0
78-79	35.081900000000005	37.0	35.0	37.0	30.0	38.0
80-81	35.057545	37.0	35.0	37.0	30.0	38.0
82-83	34.974050000000005	37.0	35.0	37.0	30.0	38.0
84-85	34.986155	37.0	35.0	37.0	30.0	38.0
86-87	34.933705	37.0	35.0	37.0	29.5	38.0
88-89	34.917625	37.0	35.0	37.0	29.0	38.0
90-91	34.88895	37.0	35.0	37.0	29.0	38.0
92-93	34.80897	37.0	35.0	37.0	29.0	38.0
94-95	34.771815000000004	37.0	35.0	37.0	29.0	38.0
96-97	34.732	37.0	35.0	37.0	29.0	38.0
98-99	34.70914500000001	37.0	35.0	37.0	29.0	38.0
100	34.67808	37.0	35.0	37.0	29.0	38.0
>>END_MODULE
>>Per sequence quality scores	pass
#Quality	Count
21	1.0
22	20.0
23	40.0
24	131.0
25	231.0
26	447.0
27	803.0
28	1183.0
29	1711.0
30	2311.0
31	3058.0
32	4159.0
33	5432.0
34	8334.0
35	16489.0
36	46412.0
37	9238.0
>>END_MODULE
>>Per base sequence content	fail
#Base	G	A	T	C
1	42.77	11.802999999999999	8.931000000000001	36.496
2	28.134999999999998	17.946	35.818	18.101
3	23.998	21.65	22.932	31.419999999999998
4	27.959	30.11	20.549	21.382
5	24.753	30.807000000000002	23.935000000000002	20.505000000000003
6	20.904	33.363	26.352999999999998	19.38
7	19.941	17.275	39.853	22.931
8	23.821	22.284000000000002	27.822000000000003	26.073
9	23.213	21.131	29.907	25.749
10-11	25.352999999999998	29.447000000000003	21.244	23.956
12-13	24.343	23.25	27.619	24.788
14-15	24.025	25.291999999999998	26.532	24.151
16-17	25.211	24.938	25.6905	24.1605
18-19	25.367	24.854499999999998	25.224000000000004	24.5545
20-21	25.177	25.3615	25.261	24.200499999999998
22-23	25.3055	25.366	24.9245	24.404
24-25	25.073	25.296000000000003	25.046499999999998	24.584500000000002
26-27	24.9225	25.496000000000002	25.265500000000003	24.316
28-29	25.153	25.262	25.2085	24.3765
30-31	25.1275	25.259999999999998	25.069999999999997	24.5425
32-33	25.133	25.2375	25.317	24.3125
34-35	25.412000000000003	25.061	24.951999999999998	24.575
36-37	25.061	25.0795	25.0485	24.811
38-39	24.8495	25.149	25.3555	24.646
40-41	25.301499999999997	24.7995	25.2435	24.6555
42-43	25.180999999999997	24.915000000000003	25.089	24.815
44-45	25.063999999999997	24.8435	25.453	24.6395
46-47	25.173499999999997	24.962999999999997	25.102000000000004	24.7615
48-49	25.222499999999997	24.718	25.321500000000004	24.738
50-51	25.1845	24.7355	25.203999999999997	24.876
52-53	25.2085	24.861	25.017	24.9135
54-55	25.058000000000003	24.731	25.1535	25.057499999999997
56-57	25.052000000000003	24.807000000000002	25.196	24.945
58-59	24.9925	24.945999999999998	25.1885	24.873
60-61	25.1	24.491	25.2375	25.1715
62-63	24.9975	24.7255	25.308000000000003	24.969
64-65	25.1265	25.055500000000002	25.134	24.684
66-67	25.174000000000003	24.5925	25.155	25.0785
68-69	24.914	24.892500000000002	25.362499999999997	24.831
70-71	25.214	24.6705	25.162499999999998	24.953
72-73	25.022	24.437	25.210500000000003	25.3305
74-75	25.118499999999997	24.6295	25.375999999999998	24.876
76-77	25.3805	24.57	25.124999999999996	24.9245
78-79	24.9995	24.7355	24.974	25.291000000000004
80-81	24.7995	24.89	25.326500000000003	24.984
82-83	25.198500000000003	24.7615	25.1915	24.8485
84-85	24.9695	24.7745	25.343	24.913
86-87	24.9755	24.662	25.134	25.228499999999997
88-89	25.200499999999998	24.7845	25.055	24.959999999999997
90-91	24.9025	24.641	25.399500000000003	25.057000000000002
92-93	24.8595	24.7645	25.3535	25.022499999999997
94-95	25.156499999999998	24.8065	25.112000000000002	24.925
96-97	25.020999999999997	24.718999999999998	25.267	24.993000000000002
98-99	24.95	24.9495	25.178	24.9225
100	25.313000000000002	24.57	24.862000000000002	25.255
>>END_MODULE
>>Per sequence GC content	pass
#GC Content	Count
0	0.0
1	0.0
2	0.0
3	0.0
4	0.0
5	0.0
6	0.5
7	0.5
8	0.0
9	0.0
10	0.5
11	1.0
12	2.0
13	2.5
14	2.5
15	2.5
16	2.0
17	2.0
18	6.0
19	12.0
20	17.5
21	24.5
22	27.0
23	35.0
24	48.5
25	62.5
26	101.5
27	152.0
28	185.5
29	242.0
30	324.0
31	408.0
32	511.5
33	610.0
34	741.5
35	907.0
36	1108.5
37	1294.0
38	1455.5
39	1711.0
40	1948.0
41	2183.0
42	2527.0
43	2837.5
44	3162.5
45	3511.0
46	3847.0
47	4146.5
48	4385.5
49	4610.5
50	4730.5
51	4857.5
52	4946.5
53	4879.0
54	4756.5
55	4546.5
56	4251.0
57	3918.5
58	3555.0
59	3256.0
60	2881.0
61	2429.0
62	2019.5
63	1623.0
64	1244.0
65	908.5
66	675.0
67	475.0
68	311.0
69	204.5
70	134.5
71	86.0
72	51.0
73	32.5
74	22.5
75	17.5
76	9.5
77	7.0
78	4.5
79	1.5
80	1.5
81	1.5
82	1.5
83	1.5
84	0.5
85	0.0
86	0.0
87	0.0
88	0.0
89	0.0
90	0.0
91	0.0
92	0.0
93	0.0
94	0.0
95	0.0
96	0.0
97	0.0
98	0.0
99	0.0
100	0.0
>>END_MODULE
>>Per base N content	pass
#Base	N-Count
1	0.0
2	0.0
3	0.0
4	0.0
5	0.0
6	0.0
7	0.0
8	0.0
9	0.0
10-11	0.0
12-13	0.0
14-15	0.0
16-17	0.0
18-19	0.0
20-21	0.0
22-23	0.0
24-25	0.0
26-27	0.0
28-29	0.0
30-31	0.0
32-33	0.0
34-35	0.0
36-37	0.0
38-39	0.0
40-41	0.0
42-43	0.0
44-45	0.0
46-47	0.0
48-49	0.0
50-51	0.0
52-53	0.0
54-55	0.0
56-57	0.0
58-59	0.0
60-61	0.0
62-63	0.0
64-65	0.0
66-67	0.0
68-69	0.0
70-71	0.0
72-73	0.0
74-75	0.0
76-77	0.0
78-79	0.0
80-81	0.0
82-83	0.0
84-85	0.0
86-87	0.0
88-89	0.0
90-91	0.0
92-93	0.0
94-95	0.0
96-97	0.0
98-99	0.0
100	0.0
>>END_MODULE
>>Sequence Length Distribution	pass
#Length	Count
100	100000.0
>>END_MODULE
>>Sequence Duplication Levels	pass
#Total Deduplicated Percentage	93.045
#Duplication Level	Percentage of deduplicated	Percentage of total
1	94.84443011446075	88.248
2	4.0786716105110425	7.59
3	0.6083078080498684	1.698
4	0.21817400182707292	0.812
5	0.1031758826374335	0.48
6	0.050513192541243486	0.28200000000000003
7	0.0343919608791445	0.22399999999999998
8	0.016121231662098983	0.12
9	0.010747487774732657	0.09
>10	0.035466709656617766	0.45599999999999996
>50	0.0	0.0
>100	0.0	0.0
>500	0.0	0.0
>1k	0.0	0.0
>5k	0.0	0.0
>10k+	0.0	0.0
>>END_MODULE
>>Overrepresented sequences	pass
>>END_MODULE
>>Adapter Content	pass
#Position	Illumina Universal Adapter	Illumina Small RNA 3' Adapter	Illumina Small RNA 5' Adapter	Nextera Transposase Sequence	SOLID Small RNA Adapter
1	0.0	0.0	0.0	0.0	0.0
2	0.0	0.0	0.0	0.0	0.0
3	0.0	0.0	0.0	0.0	0.0
4	0.0	0.0	0.0	0.0	0.0
5	0.0	0.0	0.0	0.0	0.0
6	0.0	0.0	0.0	0.0	0.0
7	0.0	0.0	0.0	0.0	0.0
8	0.0	0.0	0.0	0.0	0.0
9	0.0	0.0	0.0	0.0	0.0
10-11	0.0	0.0	0.0	0.0	0.0
12-13	0.0	0.0	0.0	0.0	0.0
14-15	0.0	0.0	0.0	0.0	0.0
16-17	0.0	0.0	0.0	0.0	0.0
18-19	0.0	0.0	0.0	0.0	0.0
20-21	0.0	0.0	0.0	0.0	0.0
22-23	0.0	0.0	0.0	0.0	0.0
24-25	0.0	0.0	0.0	0.0	0.0
26-27	0.0	0.0	0.0	0.0	0.0
28-29	0.0	0.0	0.0	0.0	0.0
30-31	0.0	0.0	0.0	0.0	0.0
32-33	0.0	0.0	0.0	0.0	0.0
34-35	0.0	0.0	0.0	0.0	0.0
36-37	0.0	0.0	0.0	0.0	0.0
38-39	0.0	0.0	0.0	0.0	0.0
40-41	0.0	0.0	0.0	0.0	0.0
42-43	0.0	0.0	0.0	0.0	0.0
44-45	0.0	0.0	0.0	0.0	0.0
46-47	0.0	0.0	0.0	0.0	0.0
48-49	0.0	0.0	0.0	0.0	0.0
50-51	0.0	0.0	0.0	0.0	0.0
52-53	0.0	0.0	0.0	0.0	0.0
54-55	0.0	0.0	0.0	0.0	0.0
56-57	0.0	0.0	0.0	0.0	0.0
58-59	0.0	0.0	0.0	0.0	0.0
60-61	0.0	0.0	0.0	0.0	0.0
62-63	0.0	0.0	0.0	0.0	0.0
64-65	0.0	0.0	0.0	0.0	0.0
66-67	0.0	0.0	0.0	0.0	0.0
68-69	0.0	0.0	0.0	0.0	0.0
70-71	0.0	0.0	0.0	0.0	0.0
72-73	0.0	0.0	0.0	0.0	0.0
74-75	0.0	0.0	0.0	0.0	0.0
76-77	0.0	0.0	0.0	0.0	0.0
78-79	0.0	0.0	0.0	0.0	0.0
80-81	0.0	0.0	0.0	0.0	0.0
82-83	0.0	0.0	0.0	0.0	0.0
84-85	0.0	0.0	0.0	0.0	0.0
86-87	0.0	0.0	0.0	0.0	0.0
88-89	0.0	0.0	0.0	0.0	0.0
>>END_MODULE
