##FastQC	0.11.9
>>Basic Statistics	pass
#Measure	Value
Filename	Tco-582_2.fq.gz
File type	Conventional base calls
Encoding	Sanger / Illumina 1.9
Total Sequences	100000
Sequences flagged as poor quality	0
Sequence length	100
%GC	50
>>END_MODULE
>>Per base sequence quality	pass
#Base	Mean	Median	Lower Quartile	Upper Quartile	10th Percentile	90th Percentile
1	35.18194	37.0	36.0	37.0	31.0	37.0
2	35.22581	37.0	36.0	37.0	31.0	37.0
3	35.42542	37.0	36.0	37.0	31.0	38.0
4	35.40417	37.0	36.0	37.0	31.0	38.0
5	35.38522	37.0	36.0	37.0	31.0	38.0
6	35.16477	37.0	36.0	37.0	30.0	38.0
7	35.19176	37.0	36.0	37.0	31.0	38.0
8	35.30429	37.0	36.0	37.0	31.0	38.0
9	35.25776	37.0	36.0	37.0	31.0	38.0
10-11	35.211045	37.0	35.5	37.0	30.5	38.0
12-13	35.284075	37.0	36.0	37.0	31.0	38.0
14-15	35.23097	37.0	36.0	37.0	31.0	38.0
16-17	35.185919999999996	37.0	35.5	37.0	30.5	38.0
18-19	35.24716	37.0	36.0	37.0	31.0	38.0
20-21	35.16627	37.0	35.5	37.0	30.0	38.0
22-23	35.15258	37.0	35.0	37.0	30.0	38.0
24-25	35.11514	37.0	35.0	37.0	30.0	38.0
26-27	35.120975	37.0	35.0	37.0	30.0	38.0
28-29	35.120795	37.0	35.0	37.0	30.0	38.0
30-31	35.01457	37.0	35.0	37.0	30.0	38.0
32-33	35.016130000000004	37.0	35.0	37.0	30.0	38.0
34-35	35.030985	37.0	35.0	37.0	30.0	38.0
36-37	35.004490000000004	37.0	35.0	37.0	30.0	38.0
38-39	34.95426	37.0	35.0	37.0	29.5	38.0
40-41	34.947694999999996	37.0	35.0	37.0	30.0	38.0
42-43	34.89375	37.0	35.0	37.0	29.0	38.0
44-45	34.86069	37.0	35.0	37.0	29.0	38.0
46-47	34.789	37.0	35.0	37.0	29.0	38.0
48-49	34.768085	37.0	35.0	37.0	29.0	38.0
50-51	34.77591	37.0	35.0	37.0	29.0	38.0
52-53	34.76223	37.0	35.0	37.0	29.0	38.0
54-55	34.705965	37.0	35.0	37.0	29.0	38.0
56-57	34.560734999999994	37.0	35.0	37.0	28.0	38.0
58-59	34.646635	37.0	35.0	37.0	28.5	38.0
60-61	34.583075	37.0	35.0	37.0	28.5	38.0
62-63	34.543335	37.0	34.5	37.0	28.0	38.0
64-65	34.397275	37.0	34.0	37.0	27.5	38.0
66-67	34.456455	37.0	34.0	37.0	28.0	38.0
68-69	34.397	37.0	34.0	37.0	28.0	38.0
70-71	34.336465000000004	37.0	34.0	37.0	27.5	38.0
72-73	34.273555	37.0	34.0	37.0	27.5	38.0
74-75	34.195215	37.0	34.0	37.0	27.0	38.0
76-77	34.138284999999996	37.0	34.0	37.0	27.0	38.0
78-79	34.09015	37.0	34.0	37.0	27.0	38.0
80-81	33.968745	37.0	33.5	37.0	26.0	38.0
82-83	33.923339999999996	37.0	33.0	37.0	26.0	38.0
84-85	33.954805	37.0	33.5	37.0	26.0	38.0
86-87	33.80422	37.0	33.0	37.0	26.0	38.0
88-89	33.731105	37.0	33.0	37.0	25.5	38.0
90-91	33.607749999999996	36.0	33.0	37.0	25.0	38.0
92-93	33.592635	36.0	33.0	37.0	25.0	38.0
94-95	33.54084	36.0	33.0	37.0	25.0	38.0
96-97	33.439205	36.0	32.5	37.0	24.5	38.0
98-99	33.401295	36.0	32.5	37.0	24.5	38.0
100	33.34664	36.0	32.0	37.0	24.0	38.0
>>END_MODULE
>>Per sequence quality scores	pass
#Quality	Count
21	21.0
22	118.0
23	243.0
24	510.0
25	753.0
26	934.0
27	1207.0
28	1632.0
29	2039.0
30	2579.0
31	3487.0
32	4996.0
33	7475.0
34	12613.0
35	24016.0
36	35560.0
37	1817.0
>>END_MODULE
>>Per base sequence content	fail
#Base	G	A	T	C
1	42.349	11.987	8.892999999999999	36.771
2	28.767	17.980999999999998	34.900999999999996	18.351
3	23.841	22.149	22.772000000000002	31.238
4	27.866999999999997	30.323	20.479	21.331
5	24.922	31.018	23.566000000000003	20.494
6	20.807000000000002	33.483000000000004	26.387	19.323
7	20.662	17.208000000000002	39.531	22.599
8	23.627000000000002	22.279	27.785	26.308999999999997
9	23.289	21.806	29.302	25.602999999999998
10-11	25.385	29.8485	21.145500000000002	23.621
12-13	24.5185	23.608	27.408500000000004	24.465
14-15	24.343500000000002	25.704	25.997999999999998	23.9545
16-17	25.252999999999997	25.2425	25.522499999999997	23.982
18-19	25.1275	25.394499999999997	24.893	24.585
20-21	24.976499999999998	25.684	25.024	24.3155
22-23	25.089	25.564999999999998	24.832	24.514
24-25	25.133499999999998	25.6355	24.881500000000003	24.3495
26-27	24.967	25.711499999999997	24.7585	24.563
28-29	25.267	25.448999999999998	24.598	24.686
30-31	25.129	25.665	24.490000000000002	24.715999999999998
32-33	24.9305	25.820999999999998	24.662	24.5865
34-35	25.372	25.373	24.624	24.631
36-37	24.7885	25.534000000000002	24.853	24.8245
38-39	25.2525	25.521	24.708	24.5185
40-41	25.264999999999997	25.141000000000002	24.776	24.818
42-43	25.0855	25.5295	24.7665	24.618499999999997
44-45	25.089	25.4145	24.6935	24.803
46-47	25.258000000000003	25.496000000000002	24.393	24.853
48-49	25.1715	25.422	24.526	24.8805
50-51	24.9315	25.348	24.8855	24.834999999999997
52-53	25.467499999999998	25.238	24.4815	24.813
54-55	25.2805	25.212	24.4365	25.070999999999998
56-57	24.958	25.143500000000003	24.854499999999998	25.044
58-59	25.3865	25.087	24.647	24.8795
60-61	25.054	25.081999999999997	24.738	25.125999999999998
62-63	25.1	25.294	24.4785	25.1275
64-65	25.212	25.265500000000003	24.461	25.0615
66-67	25.277	25.2575	24.413	25.0525
68-69	25.155	25.2265	24.478	25.1405
70-71	25.4515	25.111	24.6085	24.829
72-73	25.332500000000003	25.107499999999998	24.38	25.180000000000003
74-75	25.211	25.107000000000003	24.79	24.892
76-77	25.458	25.2325	24.606	24.703500000000002
78-79	25.380000000000003	25.1815	24.4615	24.977
80-81	25.266499999999997	25.046000000000003	24.741	24.9465
82-83	25.571500000000004	24.990499999999997	24.302	25.135999999999996
84-85	25.306	24.762999999999998	24.8395	25.0915
86-87	24.9645	25.1275	24.819	25.089
88-89	25.432	25.299500000000002	24.5675	24.701
90-91	25.207	25.091	24.451	25.251
92-93	25.281	24.9645	24.6655	25.089
94-95	25.575	24.959500000000002	24.39	25.0755
96-97	25.521500000000003	24.921	24.4225	25.135
98-99	25.5065	25.22	24.5165	24.757
100	25.729000000000003	25.031	24.339	24.901
>>END_MODULE
>>Per sequence GC content	pass
#GC Content	Count
0	0.0
1	0.0
2	0.0
3	0.0
4	0.0
5	0.0
6	0.0
7	0.0
8	0.0
9	0.0
10	0.0
11	0.5
12	2.0
13	3.0
14	1.5
15	1.0
16	3.0
17	3.5
18	4.0
19	10.0
20	16.5
21	18.5
22	26.5
23	40.0
24	52.0
25	76.5
26	98.5
27	123.0
28	176.5
29	246.5
30	324.0
31	395.0
32	515.0
33	646.5
34	784.0
35	944.0
36	1097.0
37	1268.0
38	1435.5
39	1619.5
40	1931.5
41	2243.5
42	2517.5
43	2833.5
44	3144.0
45	3423.0
46	3661.0
47	4004.5
48	4341.5
49	4522.5
50	4719.0
51	4972.0
52	4944.0
53	4835.5
54	4688.5
55	4363.0
56	4131.5
57	3923.5
58	3624.0
59	3288.0
60	2916.0
61	2507.0
62	2143.5
63	1720.5
64	1329.5
65	1030.5
66	753.0
67	526.5
68	347.0
69	236.0
70	164.5
71	103.5
72	57.5
73	36.0
74	27.0
75	19.0
76	12.0
77	9.0
78	5.5
79	2.5
80	3.0
81	2.5
82	1.5
83	2.0
84	1.0
85	0.0
86	0.5
87	0.5
88	0.0
89	0.0
90	0.0
91	0.0
92	0.0
93	0.0
94	0.0
95	0.0
96	0.0
97	0.0
98	0.0
99	0.0
100	0.0
>>END_MODULE
>>Per base N content	pass
#Base	N-Count
1	0.0
2	0.0
3	0.0
4	0.0
5	0.0
6	0.0
7	0.0
8	0.0
9	0.0
10-11	0.0
12-13	0.0
14-15	0.0
16-17	0.0
18-19	0.0
20-21	0.0
22-23	0.0
24-25	0.0
26-27	0.0
28-29	0.0
30-31	0.0
32-33	0.0
34-35	0.0
36-37	0.0
38-39	0.0
40-41	0.0
42-43	0.0
44-45	0.0
46-47	0.0
48-49	0.0
50-51	0.0
52-53	0.0
54-55	0.0
56-57	0.0
58-59	0.0
60-61	0.0
62-63	0.0
64-65	0.0
66-67	0.0
68-69	0.0
70-71	0.0
72-73	0.0
74-75	0.0
76-77	0.0
78-79	0.0
80-81	0.0
82-83	0.0
84-85	0.0
86-87	0.0
88-89	0.0
90-91	0.0
92-93	0.0
94-95	0.0
96-97	0.0
98-99	0.0
100	0.0
>>END_MODULE
>>Sequence Length Distribution	pass
#Length	Count
100	100000.0
>>END_MODULE
>>Sequence Duplication Levels	pass
#Total Deduplicated Percentage	91.53099999999999
#Duplication Level	Percentage of deduplicated	Percentage of total
1	95.02463646196371	86.977
2	3.7134959740415816	6.798
3	0.5845014257464685	1.6049999999999998
4	0.24581835662234652	0.8999999999999999
5	0.11908533720815899	0.545
6	0.08412450426631415	0.462
7	0.0447935672067387	0.28700000000000003
8	0.02840567676524893	0.208
9	0.027313150735816284	0.22499999999999998
>10	0.12454796735532224	1.809
>50	0.0032775780882979538	0.184
>100	0.0	0.0
>500	0.0	0.0
>1k	0.0	0.0
>5k	0.0	0.0
>10k+	0.0	0.0
>>END_MODULE
>>Overrepresented sequences	pass
>>END_MODULE
>>Adapter Content	pass
#Position	Illumina Universal Adapter	Illumina Small RNA 3' Adapter	Illumina Small RNA 5' Adapter	Nextera Transposase Sequence	SOLID Small RNA Adapter
1	0.0	0.0	0.0	0.0	0.0
2	0.0	0.0	0.0	0.0	0.0
3	0.0	0.0	0.0	0.0	0.0
4	0.0	0.0	0.0	0.0	0.0
5	0.0	0.0	0.0	0.0	0.0
6	0.0	0.0	0.0	0.0	0.0
7	0.0	0.0	0.0	0.0	0.0
8	0.0	0.0	0.0	0.0	0.0
9	0.0	0.0	0.0	0.0	0.0
10-11	0.0	0.0	0.0	0.0	0.0
12-13	0.0	0.0	0.0	0.0	0.0
14-15	0.0	0.0	0.0	0.0	0.0
16-17	0.0	0.0	0.0	0.0	0.0
18-19	0.0	0.0	0.0	0.0	0.0
20-21	0.0	0.0	0.0	0.0	0.0
22-23	0.0	0.0	0.0	0.0	0.0
24-25	0.0	0.0	0.0	0.0	0.0
26-27	0.0	0.0	0.0	0.0	0.0
28-29	0.0	0.0	0.0	0.0	0.0
30-31	0.0	0.0	0.0	0.0	0.0
32-33	0.0	0.0	0.0	0.0	0.0
34-35	0.0	0.0	0.0	0.0	0.0
36-37	0.0	0.0	0.0	0.0	0.0
38-39	0.0	0.0	0.0	0.0	0.0
40-41	0.0	0.0	0.0	0.0	0.0
42-43	0.0	0.0	0.0	0.0	0.0
44-45	0.0	0.0	0.0	0.0	0.0
46-47	0.0	0.0	0.0	0.0	0.0
48-49	0.0	0.0	0.0	0.0	0.0
50-51	0.0	0.0	0.0	0.0	0.0
52-53	0.0	0.0	0.0	0.0	0.0
54-55	0.0	0.0	0.0	0.0	0.0
56-57	0.0	0.0	0.0	0.0	0.0
58-59	0.0	0.0	0.0	0.0	0.0
60-61	0.0	0.0	0.0	0.0	0.0
62-63	0.0	0.0	0.0	0.0	0.0
64-65	0.0	0.0	0.0	0.0	0.0
66-67	0.0	0.0	0.0	0.0	0.0
68-69	0.0	0.0	0.0	0.0	0.0
70-71	0.0	0.0	0.0	0.0	0.0
72-73	0.0	0.0	0.0	0.0	0.0
74-75	0.0	0.0	0.0	0.0	0.0
76-77	0.0	0.0	0.0	0.0	0.0
78-79	0.0	0.0	0.0	0.0	0.0
80-81	0.0	0.0	0.0	0.0	0.0
82-83	0.0	0.0	0.0	0.0	0.0
84-85	0.0	0.0	0.0	0.0	0.0
86-87	0.0	0.0	0.0	0.0	0.0
88-89	0.0	0.0	0.0	0.0	0.0
>>END_MODULE
