##FastQC	0.11.9
>>Basic Statistics	pass
#Measure	Value
Filename	Tco-702_1.fq.gz
File type	Conventional base calls
Encoding	Sanger / Illumina 1.9
Total Sequences	100000
Sequences flagged as poor quality	0
Sequence length	100
%GC	50
>>END_MODULE
>>Per base sequence quality	pass
#Base	Mean	Median	Lower Quartile	Upper Quartile	10th Percentile	90th Percentile
1	35.03057	37.0	35.0	37.0	30.0	37.0
2	35.06399	37.0	35.0	37.0	30.0	38.0
3	35.05034	37.0	36.0	37.0	30.0	38.0
4	35.41465	37.0	36.0	37.0	31.0	38.0
5	35.37976	37.0	36.0	37.0	31.0	38.0
6	35.43614	37.0	36.0	37.0	31.0	38.0
7	35.46103	37.0	36.0	37.0	31.0	38.0
8	35.47791	37.0	36.0	37.0	31.0	38.0
9	35.43859	37.0	36.0	37.0	31.0	38.0
10-11	35.394515	37.0	36.0	37.0	31.0	38.0
12-13	35.454785	37.0	36.0	37.0	31.0	38.0
14-15	35.418915	37.0	36.0	37.0	31.0	38.0
16-17	35.360865000000004	37.0	36.0	37.0	31.0	38.0
18-19	35.32979	37.0	36.0	37.0	31.0	38.0
20-21	35.36481	37.0	36.0	37.0	31.0	38.0
22-23	35.333895	37.0	36.0	37.0	31.0	38.0
24-25	35.350809999999996	37.0	36.0	37.0	31.0	38.0
26-27	35.30357	37.0	36.0	37.0	31.0	38.0
28-29	35.327479999999994	37.0	36.0	37.0	31.0	38.0
30-31	35.321945	37.0	36.0	37.0	31.0	38.0
32-33	35.28761	37.0	36.0	37.0	31.0	38.0
34-35	35.276975	37.0	36.0	37.0	31.0	38.0
36-37	35.237804999999994	37.0	36.0	37.0	30.5	38.0
38-39	35.210170000000005	37.0	36.0	37.0	30.5	38.0
40-41	35.223659999999995	37.0	36.0	37.0	31.0	38.0
42-43	35.187295	37.0	35.5	37.0	30.5	38.0
44-45	35.175185	37.0	35.5	37.0	30.5	38.0
46-47	35.164525	37.0	35.0	37.0	30.0	38.0
48-49	35.148355	37.0	35.5	37.0	30.0	38.0
50-51	35.073620000000005	37.0	35.0	37.0	30.0	38.0
52-53	35.043684999999996	37.0	35.0	37.0	30.0	38.0
54-55	35.02376	37.0	35.0	37.0	30.0	38.0
56-57	35.00317	37.0	35.0	37.0	30.0	38.0
58-59	34.988445	37.0	35.0	37.0	30.0	38.0
60-61	34.93043	37.0	35.0	37.0	29.0	38.0
62-63	34.912769999999995	37.0	35.0	37.0	29.5	38.0
64-65	34.889300000000006	37.0	35.0	37.0	29.0	38.0
66-67	34.855275	37.0	35.0	37.0	29.0	38.0
68-69	34.80229	37.0	35.0	37.0	29.0	38.0
70-71	34.788115000000005	37.0	35.0	37.0	29.0	38.0
72-73	34.73092	37.0	35.0	37.0	29.0	38.0
74-75	34.641535	37.0	35.0	37.0	29.0	38.0
76-77	34.554294999999996	37.0	35.0	37.0	28.0	38.0
78-79	34.57056	37.0	34.5	37.0	28.0	38.0
80-81	34.54209	37.0	35.0	37.0	28.0	38.0
82-83	34.483149999999995	37.0	34.0	37.0	28.0	38.0
84-85	34.443250000000006	37.0	34.0	37.0	28.0	38.0
86-87	34.38764	37.0	34.0	37.0	28.0	38.0
88-89	34.32791	37.0	34.0	37.0	27.5	38.0
90-91	34.281585	37.0	34.0	37.0	27.0	38.0
92-93	34.24996	37.0	34.0	37.0	27.0	38.0
94-95	34.180385	37.0	34.0	37.0	27.0	38.0
96-97	34.19807	37.0	34.0	37.0	27.0	38.0
98-99	34.09231	37.0	34.0	37.0	27.0	38.0
100	33.98437	37.0	34.0	37.0	26.0	38.0
>>END_MODULE
>>Per sequence quality scores	pass
#Quality	Count
21	2.0
22	10.0
23	56.0
24	165.0
25	341.0
26	556.0
27	890.0
28	1354.0
29	1887.0
30	2668.0
31	3748.0
32	4861.0
33	6747.0
34	10421.0
35	20072.0
36	42725.0
37	3497.0
>>END_MODULE
>>Per base sequence content	fail
#Base	G	A	T	C
1	42.003	12.051	9.052	36.894
2	27.698	18.316	35.803000000000004	18.183
3	24.108	21.759	23.125999999999998	31.007
4	28.086	30.006	20.623	21.285
5	24.516	30.7	24.060000000000002	20.724
6	20.476	33.416000000000004	26.63	19.478
7	20.044	16.738	40.457	22.761
8	23.654	22.025	27.855	26.466
9	23.081	21.166999999999998	29.737000000000002	26.015
10-11	25.256	29.3225	21.428	23.9935
12-13	24.288	22.9155	27.825	24.9715
14-15	24.0015	25.0965	26.826	24.076
16-17	25.1885	24.7915	25.882500000000004	24.1375
18-19	24.9685	25.072	25.460500000000003	24.499000000000002
20-21	24.905	25.258999999999997	25.3365	24.499499999999998
22-23	25.11	25.406000000000002	24.897	24.587
24-25	25.137500000000003	24.842	25.4035	24.617
26-27	24.8905	25.0785	25.3045	24.7265
28-29	25.081999999999997	25.122	25.098	24.698
30-31	25.0975	25.156	24.973	24.773500000000002
32-33	24.7755	25.203500000000002	25.180999999999997	24.84
34-35	25.266	24.9815	25.0365	24.715999999999998
36-37	24.8065	24.871	25.617	24.7055
38-39	24.971	24.967	25.235999999999997	24.826
40-41	25.043	24.759999999999998	25.344	24.853
42-43	25.0605	24.836	25.228499999999997	24.875
44-45	24.993000000000002	24.992	25.2795	24.7355
46-47	25.223000000000003	24.8915	25.0365	24.849
48-49	24.767500000000002	24.935	25.263999999999996	25.033499999999997
50-51	24.8065	24.779999999999998	25.485999999999997	24.9275
52-53	25.392500000000002	24.5685	25.139499999999998	24.8995
54-55	24.9375	24.7445	25.092	25.226
56-57	24.8535	24.8095	25.203500000000002	25.133499999999998
58-59	25.336	24.6695	25.118499999999997	24.876
60-61	25.112499999999997	24.6315	25.095499999999998	25.160500000000003
62-63	24.9705	24.651500000000002	25.4285	24.9495
64-65	24.991	24.6315	25.267	25.110500000000002
66-67	25.142500000000002	24.6675	24.982499999999998	25.2075
68-69	25.046000000000003	24.8585	25.290000000000003	24.8055
70-71	25.358999999999998	24.6195	25.146	24.8755
72-73	25.2325	24.328500000000002	25.142999999999997	25.296000000000003
74-75	25.145	24.412	25.546499999999998	24.8965
76-77	25.285000000000004	24.54	25.4295	24.7455
78-79	25.0485	24.3735	25.176	25.402
80-81	24.9995	24.7615	25.089	25.15
82-83	25.337	24.4845	24.954	25.2245
84-85	25.166	24.2205	25.312	25.301499999999997
86-87	24.8175	24.5555	25.480999999999998	25.146
88-89	25.0735	24.562	25.185000000000002	25.179499999999997
90-91	24.951999999999998	24.6835	25.179000000000002	25.1855
92-93	24.9725	24.4935	25.4815	25.0525
94-95	25.334	24.5565	25.006	25.1035
96-97	25.418499999999998	24.3365	25.085	25.16
98-99	24.976000000000003	24.820500000000003	25.070500000000003	25.133
100	25.304	24.487000000000002	24.839	25.369999999999997
>>END_MODULE
>>Per sequence GC content	pass
#GC Content	Count
0	0.0
1	0.0
2	0.0
3	0.0
4	0.0
5	0.0
6	0.0
7	0.0
8	0.5
9	0.5
10	0.0
11	1.0
12	1.0
13	0.5
14	1.0
15	2.0
16	2.0
17	3.0
18	5.5
19	9.0
20	15.0
21	25.0
22	27.0
23	35.0
24	55.5
25	63.5
26	95.5
27	141.0
28	184.5
29	259.0
30	345.5
31	424.5
32	532.0
33	642.5
34	782.0
35	930.0
36	1119.0
37	1331.5
38	1483.5
39	1668.5
40	1979.5
41	2279.0
42	2519.5
43	2750.0
44	3067.5
45	3410.0
46	3638.5
47	4019.0
48	4372.0
49	4597.0
50	4788.0
51	4862.0
52	4895.5
53	4772.0
54	4668.0
55	4484.0
56	4105.0
57	3825.5
58	3577.5
59	3274.0
60	2951.0
61	2588.5
62	2171.5
63	1732.5
64	1311.0
65	977.0
66	720.5
67	511.5
68	337.5
69	224.5
70	150.5
71	94.0
72	54.0
73	34.0
74	24.0
75	15.0
76	10.5
77	7.5
78	4.5
79	4.5
80	2.5
81	0.5
82	1.0
83	1.5
84	1.0
85	0.0
86	0.0
87	0.0
88	0.0
89	0.0
90	0.0
91	0.0
92	0.0
93	0.0
94	0.0
95	0.0
96	0.0
97	0.0
98	0.0
99	0.0
100	0.0
>>END_MODULE
>>Per base N content	pass
#Base	N-Count
1	0.0
2	0.0
3	0.0
4	0.0
5	0.0
6	0.0
7	0.0
8	0.0
9	0.0
10-11	0.0
12-13	0.0
14-15	0.0
16-17	0.0
18-19	0.0
20-21	0.0
22-23	0.0
24-25	0.0
26-27	0.0
28-29	0.0
30-31	0.0
32-33	0.0
34-35	0.0
36-37	0.0
38-39	0.0
40-41	0.0
42-43	0.0
44-45	0.0
46-47	0.0
48-49	0.0
50-51	0.0
52-53	0.0
54-55	0.0
56-57	0.0
58-59	0.0
60-61	0.0
62-63	0.0
64-65	0.0
66-67	0.0
68-69	0.0
70-71	0.0
72-73	0.0
74-75	0.0
76-77	0.0
78-79	0.0
80-81	0.0
82-83	0.0
84-85	0.0
86-87	0.0
88-89	0.0
90-91	0.0
92-93	0.0
94-95	0.0
96-97	0.0
98-99	0.0
100	0.0
>>END_MODULE
>>Sequence Length Distribution	pass
#Length	Count
100	100000.0
>>END_MODULE
>>Sequence Duplication Levels	pass
#Total Deduplicated Percentage	90.60000000000001
#Duplication Level	Percentage of deduplicated	Percentage of total
1	94.52317880794702	85.638
2	4.057395143487859	7.352
3	0.6578366445916115	1.788
4	0.2726269315673289	0.988
5	0.14017660044150113	0.635
6	0.08167770419426049	0.44400000000000006
7	0.05739514348785872	0.364
8	0.02759381898454746	0.2
9	0.033112582781456956	0.27
>10	0.14459161147902871	2.075
>50	0.004415011037527594	0.246
>100	0.0	0.0
>500	0.0	0.0
>1k	0.0	0.0
>5k	0.0	0.0
>10k+	0.0	0.0
>>END_MODULE
>>Overrepresented sequences	pass
>>END_MODULE
>>Adapter Content	pass
#Position	Illumina Universal Adapter	Illumina Small RNA 3' Adapter	Illumina Small RNA 5' Adapter	Nextera Transposase Sequence	SOLID Small RNA Adapter
1	0.0	0.0	0.0	0.0	0.0
2	0.0	0.0	0.0	0.0	0.0
3	0.0	0.0	0.0	0.0	0.0
4	0.0	0.0	0.0	0.0	0.0
5	0.0	0.0	0.0	0.0	0.0
6	0.0	0.0	0.0	0.0	0.0
7	0.0	0.0	0.0	0.0	0.0
8	0.0	0.0	0.0	0.0	0.0
9	0.0	0.0	0.0	0.0	0.0
10-11	0.0	0.0	0.0	0.0	0.0
12-13	0.0	0.0	0.0	0.0	0.0
14-15	0.0	0.0	0.0	0.0	0.0
16-17	0.0	0.0	0.0	0.0	0.0
18-19	0.0	0.0	0.0	0.0	0.0
20-21	0.0	0.0	0.0	0.0	0.0
22-23	0.0	0.0	0.0	0.0	0.0
24-25	0.0	0.0	0.0	0.0	0.0
26-27	0.0	0.0	0.0	0.0	0.0
28-29	0.0	0.0	0.0	0.0	0.0
30-31	0.0	0.0	0.0	0.0	0.0
32-33	0.0	0.0	0.0	0.0	0.0
34-35	0.0	0.0	0.0	0.0	0.0
36-37	0.0	0.0	0.0	0.0	0.0
38-39	0.0	0.0	0.0	0.0	0.0
40-41	0.0	0.0	0.0	0.0	0.0
42-43	0.0	0.0	0.0	0.0	0.0
44-45	0.0	0.0	0.0	0.0	0.0
46-47	0.0	0.0	0.0	0.0	0.0
48-49	0.0	0.0	0.0	0.0	0.0
50-51	0.0	0.0	0.0	0.0	0.0
52-53	0.0	0.0	0.0	0.0	0.0
54-55	0.0	0.0	0.0	0.0	0.0
56-57	0.0	0.0	0.0	0.0	0.0
58-59	0.0	0.0	0.0	0.0	0.0
60-61	0.0	0.0	0.0	0.0	0.0
62-63	0.0	0.0	0.0	0.0	0.0
64-65	0.0	0.0	0.0	0.0	0.0
66-67	0.0	0.0	0.0	0.0	0.0
68-69	0.0	0.0	0.0	0.0	0.0
70-71	0.0	0.0	0.0	0.0	0.0
72-73	0.0	0.0	0.0	0.0	0.0
74-75	0.0	0.0	0.0	0.0	0.0
76-77	0.0	0.0	0.0	0.0	0.0
78-79	0.0	0.0	0.0	0.0	0.0
80-81	0.0	0.0	0.0	0.0	0.0
82-83	0.0	0.0	0.0	0.0	0.0
84-85	0.0	0.0	0.0	0.0	0.0
86-87	0.0	0.0	0.0	0.0	0.0
88-89	0.0	0.0	0.0	0.0	0.0
>>END_MODULE
