##FastQC	0.11.9
>>Basic Statistics	pass
#Measure	Value
Filename	Tco-17_2.fq.gz
File type	Conventional base calls
Encoding	Sanger / Illumina 1.9
Total Sequences	100000
Sequences flagged as poor quality	0
Sequence length	100
%GC	53
>>END_MODULE
>>Per base sequence quality	pass
#Base	Mean	Median	Lower Quartile	Upper Quartile	10th Percentile	90th Percentile
1	35.27719	37.0	36.0	37.0	31.0	38.0
2	35.36454	37.0	36.0	37.0	31.0	38.0
3	35.42644	37.0	36.0	37.0	31.0	38.0
4	35.38558	37.0	36.0	37.0	31.0	38.0
5	35.37916	37.0	36.0	37.0	31.0	38.0
6	35.27647	37.0	36.0	37.0	31.0	38.0
7	35.23419	37.0	36.0	37.0	31.0	38.0
8	35.19893	37.0	36.0	37.0	30.0	38.0
9	35.12888	37.0	35.0	37.0	30.0	38.0
10-11	35.177425	37.0	36.0	37.0	30.0	38.0
12-13	35.129515	37.0	35.5	37.0	30.0	38.0
14-15	35.091530000000006	37.0	35.0	37.0	30.0	38.0
16-17	35.084125	37.0	35.0	37.0	30.0	38.0
18-19	35.03269	37.0	35.0	37.0	30.0	38.0
20-21	35.005145	37.0	35.0	37.0	30.0	38.0
22-23	34.93831	37.0	35.0	37.0	30.0	38.0
24-25	34.92248	37.0	35.0	37.0	29.0	38.0
26-27	34.892665	37.0	35.0	37.0	29.0	38.0
28-29	34.835674999999995	37.0	35.0	37.0	29.0	38.0
30-31	34.80312	37.0	35.0	37.0	29.0	38.0
32-33	34.79173	37.0	35.0	37.0	29.0	38.0
34-35	34.74387	37.0	35.0	37.0	29.0	38.0
36-37	34.67464	37.0	35.0	37.0	29.0	38.0
38-39	34.64023	37.0	35.0	37.0	28.5	38.0
40-41	34.60463	37.0	35.0	37.0	28.0	38.0
42-43	34.54239	37.0	35.0	37.0	28.0	38.0
44-45	34.490685	37.0	35.0	37.0	28.0	38.0
46-47	34.462059999999994	37.0	34.5	37.0	28.0	38.0
48-49	34.414945	37.0	34.0	37.0	28.0	38.0
50-51	34.31872	37.0	34.0	37.0	27.0	38.0
52-53	34.27278	37.0	34.0	37.0	27.0	38.0
54-55	34.23386	37.0	34.0	37.0	27.0	38.0
56-57	34.183980000000005	37.0	34.0	37.0	27.0	38.0
58-59	34.138310000000004	37.0	34.0	37.0	27.0	38.0
60-61	34.063975	37.0	34.0	37.0	26.5	38.0
62-63	33.995734999999996	37.0	34.0	37.0	26.0	38.0
64-65	33.94927	37.0	34.0	37.0	26.0	38.0
66-67	33.862275	37.0	33.5	37.0	26.0	38.0
68-69	33.783145	37.0	33.0	37.0	25.5	38.0
70-71	33.719300000000004	37.0	33.0	37.0	25.0	38.0
72-73	33.66868	37.0	33.0	37.0	25.0	38.0
74-75	33.56987	37.0	33.0	37.0	25.0	38.0
76-77	33.51908	37.0	33.0	37.0	25.0	38.0
78-79	33.41592	36.0	33.0	37.0	24.0	38.0
80-81	33.34901	36.0	32.5	37.0	24.0	38.0
82-83	33.256175	36.0	32.0	37.0	24.0	38.0
84-85	33.215149999999994	36.0	32.0	37.0	24.0	38.0
86-87	33.072525	36.0	32.0	37.0	23.0	37.0
88-89	33.02074	36.0	32.0	37.0	23.0	37.0
90-91	32.901195	36.0	32.0	37.0	23.0	37.0
92-93	32.811025	36.0	31.5	37.0	22.0	37.0
94-95	32.666405	36.0	31.0	37.0	22.0	37.0
96-97	32.62303	36.0	31.0	37.0	22.0	37.0
98-99	32.533370000000005	36.0	31.0	37.0	21.5	37.0
100	32.50067	36.0	31.0	37.0	21.0	37.0
>>END_MODULE
>>Per sequence quality scores	pass
#Quality	Count
21	19.0
22	188.0
23	495.0
24	870.0
25	1228.0
26	1443.0
27	1725.0
28	2267.0
29	2679.0
30	3428.0
31	4443.0
32	5780.0
33	8058.0
34	12165.0
35	20328.0
36	31360.0
37	3524.0
>>END_MODULE
>>Per base sequence content	pass
#Base	G	A	T	C
1	29.086000000000002	20.995	16.674	33.245000000000005
2	29.095	24.185000000000002	24.409	22.311
3	23.953	23.512	23.538	28.997
4	26.057000000000002	25.646	22.216	26.081
5	25.428	25.605	23.3	25.667
6	25.602000000000004	26.014	23.297	25.087
7	25.267	21.909	26.493	26.331
8	25.567	23.262	23.878	27.293
9	25.213	21.744	25.418000000000003	27.625
10-11	27.039	24.0975	22.235	26.6285
12-13	26.7715	22.532	23.4335	27.262999999999998
14-15	26.214	23.5365	23.885	26.364500000000003
16-17	26.290999999999997	23.6345	23.809	26.265500000000003
18-19	26.592	23.591	23.497	26.32
20-21	26.2385	23.6555	23.7305	26.375500000000002
22-23	26.832	23.358	23.405	26.405
24-25	26.451	23.563000000000002	23.541500000000003	26.444499999999998
26-27	26.4835	23.5665	23.575	26.375
28-29	26.6015	23.794	23.169500000000003	26.435
30-31	26.384	23.6475	23.3775	26.590999999999998
32-33	26.634	23.488999999999997	23.377	26.5
34-35	26.558	23.505499999999998	23.404	26.5325
36-37	26.604	23.6355	23.328	26.432499999999997
38-39	26.552500000000002	23.602999999999998	23.3795	26.465
40-41	26.622	23.679	23.2595	26.4395
42-43	26.420500000000004	23.518	23.4295	26.632
44-45	26.544	23.658	23.193	26.605
46-47	26.706999999999997	23.5045	23.3035	26.484999999999996
48-49	26.583499999999997	23.5095	23.3685	26.5385
50-51	26.623	23.477	23.558	26.342
52-53	26.767999999999997	23.599999999999998	23.3765	26.255499999999998
54-55	26.558999999999997	23.3565	23.229	26.8555
56-57	26.66	23.2575	23.506	26.576499999999996
58-59	26.619500000000002	23.450499999999998	23.332	26.598
60-61	26.6465	23.3745	23.494	26.484999999999996
62-63	26.601999999999997	23.2425	23.561	26.5945
64-65	26.712000000000003	23.3405	23.548	26.399499999999996
66-67	26.844	23.315	23.2885	26.552500000000002
68-69	26.887	23.3735	23.4645	26.275
70-71	26.709	23.43	23.4985	26.3625
72-73	26.6675	23.345	23.2365	26.751
74-75	26.419500000000003	23.555	23.3985	26.627000000000002
76-77	26.968999999999998	23.45	23.1525	26.4285
78-79	26.7165	23.334	23.503	26.4465
80-81	26.6915	23.391000000000002	23.579	26.338499999999996
82-83	26.9605	23.480500000000003	23.150499999999997	26.4085
84-85	26.7675	23.18	23.28	26.7725
86-87	27.0615	23.157	23.352999999999998	26.4285
88-89	26.82	23.25	23.4265	26.503500000000003
90-91	27.0455	23.247	23.1185	26.589000000000002
92-93	26.8375	23.1985	23.426	26.538
94-95	27.0385	23.652	22.9595	26.35
96-97	27.094	23.3885	23.177500000000002	26.340000000000003
98-99	27.1725	23.413999999999998	22.951	26.4625
100	27.557	23.02	22.654	26.769
>>END_MODULE
>>Per sequence GC content	warn
#GC Content	Count
0	0.0
1	0.0
2	0.0
3	0.0
4	0.0
5	0.0
6	0.0
7	0.0
8	0.0
9	0.0
10	0.0
11	0.0
12	0.5
13	0.5
14	1.0
15	1.5
16	3.0
17	5.5
18	6.5
19	9.0
20	17.0
21	24.0
22	40.0
23	60.5
24	80.5
25	116.0
26	166.5
27	227.5
28	291.5
29	361.5
30	448.5
31	556.0
32	662.5
33	738.0
34	825.0
35	968.0
36	1075.0
37	1220.0
38	1378.0
39	1451.5
40	1506.0
41	1589.0
42	1705.5
43	1821.0
44	1911.0
45	2002.0
46	2254.5
47	2455.5
48	2631.0
49	2887.5
50	3126.0
51	3460.5
52	3791.5
53	4070.0
54	4304.0
55	4360.0
56	4317.5
57	4239.0
58	4088.0
59	3887.0
60	3545.0
61	3140.0
62	2807.0
63	2554.0
64	2274.0
65	2018.0
66	1851.5
67	1641.5
68	1475.5
69	1351.5
70	1199.5
71	1033.0
72	869.5
73	735.0
74	593.0
75	469.5
76	355.5
77	265.5
78	207.5
79	143.5
80	93.0
81	74.0
82	55.0
83	28.5
84	20.0
85	20.0
86	12.0
87	7.5
88	5.5
89	3.0
90	2.5
91	2.5
92	2.0
93	1.0
94	1.0
95	0.5
96	0.0
97	0.0
98	0.0
99	0.5
100	0.5
>>END_MODULE
>>Per base N content	pass
#Base	N-Count
1	0.0
2	0.0
3	0.0
4	0.0
5	0.0
6	0.0
7	0.0
8	0.0
9	0.0
10-11	0.0
12-13	0.0
14-15	0.0
16-17	0.0
18-19	0.0
20-21	0.0
22-23	0.0
24-25	0.0
26-27	0.0
28-29	0.0
30-31	0.0
32-33	0.0
34-35	0.0
36-37	0.0
38-39	0.0
40-41	0.0
42-43	0.0
44-45	0.0
46-47	0.0
48-49	0.0
50-51	0.0
52-53	0.0
54-55	0.0
56-57	0.0
58-59	0.0
60-61	0.0
62-63	0.0
64-65	0.0
66-67	0.0
68-69	0.0
70-71	0.0
72-73	0.0
74-75	0.0
76-77	0.0
78-79	0.0
80-81	0.0
82-83	0.0
84-85	0.0
86-87	0.0
88-89	0.0
90-91	0.0
92-93	0.0
94-95	0.0
96-97	0.0
98-99	0.0
100	0.0
>>END_MODULE
>>Sequence Length Distribution	pass
#Length	Count
100	100000.0
>>END_MODULE
>>Sequence Duplication Levels	pass
#Total Deduplicated Percentage	93.195
#Duplication Level	Percentage of deduplicated	Percentage of total
1	93.59514995439669	87.226
2	5.9327217125382266	11.058
3	0.36482643918665164	1.02
4	0.043993776490155054	0.164
5	0.017168303020548312	0.08
6	0.017168303020548312	0.096
7	0.008584151510274156	0.055999999999999994
8	0.003219056816352809	0.024
9	0.003219056816352809	0.027
>10	0.012876227265411235	0.178
>50	0.0010730189387842695	0.07100000000000001
>100	0.0	0.0
>500	0.0	0.0
>1k	0.0	0.0
>5k	0.0	0.0
>10k+	0.0	0.0
>>END_MODULE
>>Overrepresented sequences	pass
>>END_MODULE
>>Adapter Content	pass
#Position	Illumina Universal Adapter	Illumina Small RNA 3' Adapter	Illumina Small RNA 5' Adapter	Nextera Transposase Sequence	SOLID Small RNA Adapter
1	0.0	0.0	0.0	0.0	0.0
2	0.0	0.0	0.0	0.0	0.0
3	0.0	0.0	0.0	0.0	0.0
4	0.0	0.0	0.0	0.0	0.0
5	0.0	0.0	0.0	0.0	0.001
6	0.0	0.0	0.0	0.0	0.001
7	0.0	0.0	0.0	0.0	0.001
8	0.0	0.0	0.0	0.0	0.001
9	0.0	0.0	0.0	0.0	0.001
10-11	0.0	0.0	0.0	0.0	0.001
12-13	0.0	0.0	0.0	0.0	0.001
14-15	0.0	0.0	0.0	0.0	0.001
16-17	0.0	0.0	0.0	0.0	0.001
18-19	0.0	0.0	0.0	0.0	0.001
20-21	0.0	0.0	0.0	0.0	0.001
22-23	0.0	0.0	0.0	0.0	0.001
24-25	0.0	0.0	0.0	0.0	0.001
26-27	0.0	0.0	0.0	0.0	0.001
28-29	0.0	0.0	0.0	0.0	0.001
30-31	0.0	0.0	0.0	0.0	0.001
32-33	0.0	0.0	0.0	0.0	0.001
34-35	0.0	0.0	0.0	0.0	0.001
36-37	0.0	0.0	0.0	0.0	0.001
38-39	0.0	0.0	0.0	0.0	0.001
40-41	0.0	0.0	0.0	0.0	0.003
42-43	0.0	0.0	0.0	0.0	0.0035
44-45	0.0	0.0	0.0	0.0	0.004
46-47	0.0	0.0	0.0	0.0	0.004
48-49	0.0	0.0	0.0	0.0	0.004
50-51	0.0	0.0	0.0	0.0	0.004
52-53	0.0	0.0	0.0	0.0	0.004
54-55	0.0	0.0	0.0	0.0	0.004
56-57	0.0	0.0	0.0	0.0	0.004
58-59	0.0	0.0	0.0	0.0	0.004
60-61	0.0	0.0	0.0	0.0	0.004
62-63	0.0	0.0	0.0	0.0	0.004
64-65	0.0	0.0	0.0	0.0	0.004
66-67	0.0	0.0	0.0	0.0	0.004
68-69	0.0	0.0	0.0	0.0	0.004
70-71	0.0	0.0	0.0	0.0	0.004
72-73	0.0	0.0	0.0	0.0	0.004
74-75	0.0	0.0	0.0	0.0	0.004
76-77	0.0	0.0	0.0	0.0	0.0045000000000000005
78-79	0.0	0.0	0.0	0.0	0.005
80-81	0.0	0.0	0.0	0.0	0.005
82-83	0.0	0.0	0.0	0.0	0.005
84-85	0.0	0.0	0.0	0.0	0.005
86-87	0.0	0.0	0.0	0.0	0.005
88-89	0.0	0.0	0.0	0.0	0.005
>>END_MODULE
