##FastQC	0.11.9
>>Basic Statistics	pass
#Measure	Value
Filename	Tco-907_1.fq.gz
File type	Conventional base calls
Encoding	Sanger / Illumina 1.9
Total Sequences	100000
Sequences flagged as poor quality	0
Sequence length	100
%GC	49
>>END_MODULE
>>Per base sequence quality	pass
#Base	Mean	Median	Lower Quartile	Upper Quartile	10th Percentile	90th Percentile
1	34.95196	37.0	35.0	37.0	29.0	37.0
2	35.10284	37.0	35.0	37.0	30.0	38.0
3	34.98645	37.0	35.0	37.0	30.0	38.0
4	35.3678	37.0	36.0	37.0	31.0	38.0
5	35.36307	37.0	36.0	37.0	31.0	38.0
6	35.34271	37.0	36.0	37.0	31.0	38.0
7	35.36602	37.0	36.0	37.0	31.0	38.0
8	35.39234	37.0	36.0	37.0	31.0	38.0
9	35.3578	37.0	36.0	37.0	31.0	38.0
10-11	35.33723	37.0	36.0	37.0	31.0	38.0
12-13	35.37909	37.0	36.0	37.0	31.0	38.0
14-15	35.360855	37.0	36.0	37.0	31.0	38.0
16-17	35.29181	37.0	36.0	37.0	31.0	38.0
18-19	35.27869	37.0	36.0	37.0	31.0	38.0
20-21	35.279295000000005	37.0	36.0	37.0	31.0	38.0
22-23	35.258494999999996	37.0	36.0	37.0	31.0	38.0
24-25	35.267205000000004	37.0	36.0	37.0	31.0	38.0
26-27	35.24182999999999	37.0	36.0	37.0	31.0	38.0
28-29	35.254435	37.0	36.0	37.0	31.0	38.0
30-31	35.21669	37.0	36.0	37.0	30.5	38.0
32-33	35.17945	37.0	36.0	37.0	30.0	38.0
34-35	35.218105	37.0	36.0	37.0	31.0	38.0
36-37	35.123644999999996	37.0	35.0	37.0	30.0	38.0
38-39	35.15853	37.0	35.0	37.0	30.0	38.0
40-41	35.140875	37.0	35.0	37.0	30.0	38.0
42-43	35.134434999999996	37.0	35.0	37.0	30.0	38.0
44-45	35.10098	37.0	35.0	37.0	30.0	38.0
46-47	35.101515	37.0	35.0	37.0	30.0	38.0
48-49	35.081424999999996	37.0	35.0	37.0	30.0	38.0
50-51	35.00986	37.0	35.0	37.0	30.0	38.0
52-53	34.947874999999996	37.0	35.0	37.0	30.0	38.0
54-55	34.93837	37.0	35.0	37.0	29.5	38.0
56-57	34.91216	37.0	35.0	37.0	29.5	38.0
58-59	34.894705	37.0	35.0	37.0	29.0	38.0
60-61	34.855735	37.0	35.0	37.0	29.0	38.0
62-63	34.815129999999996	37.0	35.0	37.0	29.0	38.0
64-65	34.80846	37.0	35.0	37.0	29.0	38.0
66-67	34.775195	37.0	35.0	37.0	29.0	38.0
68-69	34.747240000000005	37.0	35.0	37.0	29.0	38.0
70-71	34.679435	37.0	35.0	37.0	29.0	38.0
72-73	34.676225	37.0	35.0	37.0	29.0	38.0
74-75	34.569720000000004	37.0	35.0	37.0	28.0	38.0
76-77	34.45658	37.0	34.0	37.0	28.0	38.0
78-79	34.476510000000005	37.0	34.5	37.0	28.0	38.0
80-81	34.461425000000006	37.0	34.0	37.0	28.0	38.0
82-83	34.394365	37.0	34.0	37.0	27.5	38.0
84-85	34.37217	37.0	34.0	37.0	28.0	38.0
86-87	34.318405	37.0	34.0	37.0	27.0	38.0
88-89	34.270390000000006	37.0	34.0	37.0	27.0	38.0
90-91	34.22886	37.0	34.0	37.0	27.0	38.0
92-93	34.189305000000004	37.0	34.0	37.0	27.0	38.0
94-95	34.068920000000006	37.0	34.0	37.0	26.5	38.0
96-97	34.135735	37.0	34.0	37.0	27.0	38.0
98-99	34.017005	37.0	34.0	37.0	26.0	38.0
100	33.94229	37.0	33.0	37.0	26.0	38.0
>>END_MODULE
>>Per sequence quality scores	pass
#Quality	Count
21	3.0
22	16.0
23	77.0
24	176.0
25	357.0
26	592.0
27	971.0
28	1468.0
29	2038.0
30	2868.0
31	3779.0
32	5088.0
33	7024.0
34	10474.0
35	20324.0
36	41383.0
37	3362.0
>>END_MODULE
>>Per base sequence content	fail
#Base	G	A	T	C
1	41.19	12.463000000000001	8.766	37.580999999999996
2	27.418	18.127	36.459	17.996000000000002
3	23.279	21.676000000000002	23.483999999999998	31.561
4	27.595	29.988999999999997	21.026	21.39
5	24.449	30.654999999999998	24.44	20.456
6	20.304	33.272	26.996	19.428
7	19.959	16.715	40.464	22.862
8	23.308	21.938	28.335	26.418999999999997
9	23.112	21.001	29.903999999999996	25.983
10-11	25.1745	29.1115	21.7555	23.9585
12-13	24.218999999999998	23.205000000000002	27.863	24.712999999999997
14-15	23.878	25.069999999999997	26.7725	24.279500000000002
16-17	25.064500000000002	24.92	25.77	24.2455
18-19	24.8515	24.792	25.563000000000002	24.793499999999998
20-21	25.0685	24.9275	25.483	24.521
22-23	25.102999999999998	24.8805	25.2445	24.772
24-25	25.068	24.895500000000002	25.3345	24.701999999999998
26-27	24.825	24.95	25.398500000000002	24.826500000000003
28-29	25.014999999999997	24.936	25.405499999999996	24.6435
30-31	25.1715	24.845	25.038500000000003	24.945
32-33	24.6135	25.021500000000003	25.564999999999998	24.8
34-35	25.2515	24.583	25.316	24.8495
36-37	24.91	24.809	25.4405	24.8405
38-39	24.9005	24.8795	25.295499999999997	24.9245
40-41	25.196	24.736	25.228499999999997	24.8395
42-43	24.923000000000002	24.818	25.423000000000002	24.836
44-45	25.0735	24.86	25.375999999999998	24.6905
46-47	25.130000000000003	24.8825	25.229000000000003	24.7585
48-49	24.9555	24.8765	25.169999999999998	24.998
50-51	24.8495	24.518	25.686500000000002	24.945999999999998
52-53	25.107499999999998	24.8395	25.070500000000003	24.982499999999998
54-55	25.108999999999998	24.7415	25.019000000000002	25.1305
56-57	24.6785	24.826999999999998	25.381500000000003	25.113000000000003
58-59	25.1955	24.590500000000002	25.3195	24.8945
60-61	24.806	24.7605	25.299500000000002	25.134
62-63	24.9395	24.676000000000002	25.561	24.823500000000003
64-65	25.122	24.812	25.1915	24.874499999999998
66-67	25.070500000000003	24.521	25.153	25.255499999999998
68-69	24.958	24.8785	25.2415	24.922
70-71	25.3425	24.6325	25.070500000000003	24.9545
72-73	25.049500000000002	24.3425	25.322	25.285999999999998
74-75	25.0025	24.5885	25.294	25.115
76-77	25.183	24.563	25.3055	24.948500000000003
78-79	25.100499999999997	24.614	25.031	25.2545
80-81	25.05	24.6355	25.326500000000003	24.988
82-83	25.003999999999998	24.656	25.196	25.144
84-85	25.077500000000004	24.342	25.523	25.057499999999997
86-87	25.041999999999998	24.435499999999998	25.394	25.1285
88-89	24.9745	24.789	25.119999999999997	25.116500000000002
90-91	24.868499999999997	24.6295	25.019000000000002	25.483
92-93	25.163000000000004	24.4855	25.260500000000004	25.091
94-95	25.289	24.6225	25.0635	25.025
96-97	25.3915	24.4225	24.9855	25.200499999999998
98-99	25.055	24.8025	25.143500000000003	24.999
100	25.368000000000002	24.425	25.041999999999998	25.165
>>END_MODULE
>>Per sequence GC content	pass
#GC Content	Count
0	0.0
1	0.0
2	0.0
3	0.0
4	0.0
5	0.0
6	0.0
7	0.5
8	0.5
9	0.0
10	0.0
11	0.0
12	0.5
13	1.0
14	1.5
15	1.5
16	2.5
17	3.5
18	5.0
19	12.0
20	18.0
21	25.0
22	34.0
23	45.0
24	56.0
25	73.5
26	105.5
27	155.5
28	202.0
29	292.0
30	389.0
31	455.5
32	562.0
33	676.5
34	814.5
35	964.0
36	1153.0
37	1341.0
38	1455.0
39	1642.0
40	1943.0
41	2207.0
42	2488.5
43	2834.5
44	3093.0
45	3378.0
46	3622.0
47	3906.5
48	4270.0
49	4512.0
50	4727.5
51	4890.0
52	4865.0
53	4776.5
54	4657.0
55	4445.0
56	4268.0
57	3959.0
58	3598.5
59	3307.5
60	2909.0
61	2504.5
62	2139.0
63	1717.5
64	1314.0
65	971.0
66	716.5
67	519.0
68	337.5
69	232.0
70	155.0
71	92.0
72	57.0
73	35.0
74	25.0
75	14.5
76	9.0
77	4.5
78	3.5
79	3.0
80	1.0
81	2.0
82	2.0
83	0.5
84	0.0
85	0.0
86	0.0
87	0.0
88	0.0
89	0.0
90	0.0
91	0.0
92	0.0
93	0.0
94	0.0
95	0.0
96	0.0
97	0.0
98	0.0
99	0.0
100	0.0
>>END_MODULE
>>Per base N content	pass
#Base	N-Count
1	0.0
2	0.0
3	0.0
4	0.0
5	0.0
6	0.0
7	0.0
8	0.0
9	0.0
10-11	0.0
12-13	0.0
14-15	0.0
16-17	0.0
18-19	0.0
20-21	0.0
22-23	0.0
24-25	0.0
26-27	0.0
28-29	0.0
30-31	0.0
32-33	0.0
34-35	0.0
36-37	0.0
38-39	0.0
40-41	0.0
42-43	0.0
44-45	0.0
46-47	0.0
48-49	0.0
50-51	0.0
52-53	0.0
54-55	0.0
56-57	0.0
58-59	0.0
60-61	0.0
62-63	0.0
64-65	0.0
66-67	0.0
68-69	0.0
70-71	0.0
72-73	0.0
74-75	0.0
76-77	0.0
78-79	0.0
80-81	0.0
82-83	0.0
84-85	0.0
86-87	0.0
88-89	0.0
90-91	0.0
92-93	0.0
94-95	0.0
96-97	0.0
98-99	0.0
100	0.0
>>END_MODULE
>>Sequence Length Distribution	pass
#Length	Count
100	100000.0
>>END_MODULE
>>Sequence Duplication Levels	pass
#Total Deduplicated Percentage	89.959
#Duplication Level	Percentage of deduplicated	Percentage of total
1	94.07063217688058	84.625
2	4.36198712746918	7.847999999999999
3	0.7603463800175635	2.052
4	0.2645649684856434	0.9520000000000001
5	0.17118909725541634	0.77
6	0.09004101868629041	0.486
7	0.056692493246923596	0.357
8	0.04446470058582243	0.32
9	0.04112984804188575	0.333
>10	0.13672895430140397	2.1229999999999998
>50	0.0022232350292911212	0.134
>100	0.0	0.0
>500	0.0	0.0
>1k	0.0	0.0
>5k	0.0	0.0
>10k+	0.0	0.0
>>END_MODULE
>>Overrepresented sequences	pass
>>END_MODULE
>>Adapter Content	pass
#Position	Illumina Universal Adapter	Illumina Small RNA 3' Adapter	Illumina Small RNA 5' Adapter	Nextera Transposase Sequence	SOLID Small RNA Adapter
1	0.0	0.0	0.0	0.0	0.0
2	0.0	0.0	0.0	0.0	0.0
3	0.0	0.0	0.0	0.0	0.0
4	0.0	0.0	0.0	0.0	0.0
5	0.0	0.0	0.0	0.0	0.0
6	0.0	0.0	0.0	0.0	0.0
7	0.0	0.0	0.0	0.0	0.0
8	0.0	0.0	0.0	0.0	0.0
9	0.0	0.0	0.0	0.0	0.0
10-11	0.0	0.0	0.0	0.0	0.0
12-13	0.0	0.0	0.0	0.0	0.0
14-15	0.0	0.0	0.0	0.0	0.0
16-17	0.0	0.0	0.0	0.0	0.0
18-19	0.0	0.0	0.0	0.0	0.0
20-21	0.0	0.0	0.0	0.0	0.0
22-23	0.0	0.0	0.0	0.0	0.0
24-25	0.0	0.0	0.0	0.0	0.0
26-27	0.0	0.0	0.0	0.0	0.0
28-29	0.0	0.0	0.0	0.0	0.0
30-31	0.0	0.0	0.0	0.0	0.0
32-33	0.0	0.0	0.0	0.0	0.0
34-35	0.0	0.0	0.0	0.0	0.0
36-37	0.0	0.0	0.0	0.0	0.0
38-39	0.0	0.0	0.0	0.0	0.0
40-41	0.0	0.0	0.0	0.0	0.0
42-43	0.0	0.0	0.0	0.0	0.0
44-45	0.0	0.0	0.0	0.0	0.0
46-47	0.0	0.0	0.0	0.0	0.0
48-49	0.0	0.0	0.0	0.0	0.0
50-51	0.0	0.0	0.0	0.0	0.0
52-53	0.0	0.0	0.0	0.0	0.0
54-55	0.0	0.0	0.0	0.0	0.0
56-57	0.0	0.0	0.0	0.0	0.0
58-59	0.0	0.0	0.0	0.0	0.0
60-61	0.0	0.0	0.0	0.0	0.0
62-63	0.0	0.0	0.0	0.0	0.0
64-65	0.0	0.0	0.0	0.0	0.0
66-67	0.0	0.0	0.0	0.0	0.0
68-69	0.0	0.0	0.0	0.0	0.0
70-71	0.0	0.0	0.0	0.0	0.0
72-73	0.0	0.0	0.0	0.0	0.0
74-75	0.0	0.0	0.0	0.0	0.0
76-77	0.0	0.0	0.0	0.0	0.0
78-79	0.0	0.0	0.0	0.0	0.0
80-81	0.0	0.0	0.0	0.0	0.0
82-83	0.0	0.0	0.0	0.0	0.0
84-85	0.0	0.0	0.0	0.0	0.0
86-87	0.0	0.0	0.0	0.0	0.0
88-89	0.0	0.0	0.0	0.0	0.0
>>END_MODULE
