##FastQC	0.11.9
>>Basic Statistics	pass
#Measure	Value
Filename	Tco-122_2.fq.gz
File type	Conventional base calls
Encoding	Sanger / Illumina 1.9
Total Sequences	100000
Sequences flagged as poor quality	0
Sequence length	100
%GC	50
>>END_MODULE
>>Per base sequence quality	pass
#Base	Mean	Median	Lower Quartile	Upper Quartile	10th Percentile	90th Percentile
1	35.06343	37.0	35.0	37.0	30.0	37.0
2	34.84525	37.0	35.0	37.0	29.0	37.0
3	35.08794	37.0	35.0	37.0	30.0	37.0
4	35.04352	37.0	35.0	37.0	30.0	37.0
5	34.99144	37.0	35.0	37.0	30.0	37.0
6	34.84857	37.0	35.0	37.0	29.0	37.0
7	34.93553	37.0	35.0	37.0	30.0	37.0
8	34.98526	37.0	35.0	37.0	30.0	37.0
9	34.92344	37.0	35.0	37.0	30.0	37.0
10-11	34.8936	37.0	35.0	37.0	29.5	37.0
12-13	34.899295	37.0	35.0	37.0	29.5	37.0
14-15	34.85695	37.0	35.0	37.0	29.0	37.0
16-17	34.816919999999996	37.0	35.0	37.0	29.0	37.0
18-19	34.820935	37.0	35.0	37.0	29.0	37.0
20-21	34.77364	37.0	35.0	37.0	29.0	37.0
22-23	34.743120000000005	37.0	35.0	37.0	29.0	37.0
24-25	34.704735	37.0	35.0	37.0	29.0	37.0
26-27	34.700680000000006	37.0	35.0	37.0	29.0	37.0
28-29	34.65003	37.0	35.0	37.0	28.5	37.0
30-31	34.613745	37.0	35.0	37.0	28.0	37.0
32-33	34.598495	37.0	35.0	37.0	28.5	37.0
34-35	34.569715	37.0	34.5	37.0	28.0	37.0
36-37	34.525345	37.0	34.5	37.0	28.0	37.0
38-39	34.458155000000005	37.0	34.0	37.0	28.0	37.0
40-41	34.462055	37.0	34.0	37.0	28.0	37.0
42-43	34.40326	37.0	34.0	37.0	28.0	37.0
44-45	34.34751	37.0	34.0	37.0	28.0	37.0
46-47	34.335589999999996	37.0	34.0	37.0	28.0	37.0
48-49	34.271429999999995	37.0	34.0	37.0	27.0	37.0
50-51	34.20192	37.0	34.0	37.0	27.0	37.0
52-53	34.166545	37.0	34.0	37.0	27.0	37.0
54-55	34.14941	37.0	34.0	37.0	27.0	37.0
56-57	34.067195	37.0	34.0	37.0	27.0	37.0
58-59	34.031684999999996	37.0	34.0	37.0	26.5	37.0
60-61	33.998995	37.0	34.0	37.0	26.5	37.0
62-63	33.910655	37.0	33.0	37.0	26.0	37.0
64-65	33.848690000000005	37.0	33.0	37.0	26.0	37.0
66-67	33.77687	37.0	33.0	37.0	26.0	37.0
68-69	33.738654999999994	37.0	33.0	37.0	26.0	37.0
70-71	33.666155	37.0	33.0	37.0	25.0	37.0
72-73	33.60189	36.0	33.0	37.0	25.0	37.0
74-75	33.537735	36.0	33.0	37.0	25.0	37.0
76-77	33.45948	36.0	33.0	37.0	25.0	37.0
78-79	33.402029999999996	36.0	32.5	37.0	24.5	37.0
80-81	33.265855	36.0	32.0	37.0	24.0	37.0
82-83	33.235510000000005	36.0	32.0	37.0	24.0	37.0
84-85	33.166745000000006	36.0	32.0	37.0	24.0	37.0
86-87	33.066739999999996	36.0	32.0	37.0	23.0	37.0
88-89	33.01844	36.0	32.0	37.0	23.0	37.0
90-91	32.868155	36.0	31.5	37.0	23.0	37.0
92-93	32.839600000000004	36.0	31.5	37.0	23.0	37.0
94-95	32.632235	36.0	31.0	37.0	22.0	37.0
96-97	32.678245000000004	36.0	31.0	37.0	22.0	37.0
98-99	32.566715	36.0	31.0	37.0	22.0	37.0
100	32.47157	36.0	31.0	37.0	22.0	37.0
>>END_MODULE
>>Per sequence quality scores	pass
#Quality	Count
21	31.0
22	191.0
23	487.0
24	904.0
25	1248.0
26	1499.0
27	1843.0
28	2284.0
29	2916.0
30	3515.0
31	4570.0
32	6162.0
33	8868.0
34	13207.0
35	21151.0
36	28427.0
37	2697.0
>>END_MODULE
>>Per base sequence content	fail
#Base	G	A	T	C
1	40.056999999999995	12.267999999999999	8.865	38.81
2	29.092000000000002	18.282	34.593	18.032999999999998
3	23.935000000000002	21.717	22.483	31.865
4	28.011999999999997	30.225	20.403	21.36
5	24.712999999999997	31.117	23.694000000000003	20.476
6	20.724	33.474	26.444000000000003	19.358
7	20.379	17.096	39.804	22.721
8	23.697	22.038	27.91	26.355
9	23.44	21.293	29.278	25.989
10-11	25.2745	29.593999999999998	21.008499999999998	24.123
12-13	24.5975	23.5655	27.180500000000002	24.6565
14-15	24.224	25.611	26.043	24.122
16-17	25.291999999999998	25.154	25.4155	24.1385
18-19	25.259500000000003	25.249	24.8885	24.603
20-21	25.066	25.6055	24.8	24.5285
22-23	25.219	25.5415	24.705	24.5345
24-25	25.092	25.607000000000003	24.8335	24.4675
26-27	24.857499999999998	25.700499999999998	24.9365	24.505499999999998
28-29	25.205	25.600499999999997	24.6325	24.562
30-31	25.118499999999997	25.336	24.553	24.9925
32-33	25.141000000000002	25.650000000000002	24.616	24.593
34-35	25.394	25.3595	24.3205	24.926000000000002
36-37	25.045	25.4705	24.566499999999998	24.918000000000003
38-39	24.9285	25.433	24.8635	24.775
40-41	25.218	25.174999999999997	24.820999999999998	24.786
42-43	25.182	25.149	24.7455	24.9235
44-45	24.9725	25.326500000000003	24.8485	24.8525
46-47	25.432	25.384	24.361	24.823
48-49	25.2265	25.2575	24.494	25.022
50-51	25.177500000000002	25.154500000000002	24.7335	24.9345
52-53	25.329	25.189	24.6635	24.8185
54-55	25.066	25.19	24.6065	25.137500000000003
56-57	25.054	25.255	24.793499999999998	24.8975
58-59	25.394	25.16	24.525	24.921
60-61	25.216	24.8755	24.7475	25.161
62-63	25.078	24.971	24.8215	25.1295
64-65	25.2755	25.182	24.5105	25.032
66-67	25.148500000000002	24.9505	24.7275	25.173499999999997
68-69	25.161499999999997	25.006	24.632	25.200499999999998
70-71	25.3595	24.9375	24.664	25.039
72-73	25.240499999999997	24.7775	24.6735	25.308500000000002
74-75	25.241999999999997	24.9505	24.768	25.039499999999997
76-77	25.217499999999998	25.136999999999997	24.590500000000002	25.055
78-79	25.265500000000003	25.0655	24.604	25.064999999999998
80-81	25.106499999999997	25.0965	24.729	25.068
82-83	25.46	24.958	24.647	24.935
84-85	25.374999999999996	24.6525	24.608	25.3645
86-87	25.407999999999998	24.959999999999997	24.529	25.102999999999998
88-89	25.2515	25.1205	24.5405	25.087500000000002
90-91	25.192999999999998	25.0375	24.547	25.222499999999997
92-93	25.227	24.9685	24.555	25.2495
94-95	25.3345	25.075999999999997	24.3095	25.28
96-97	25.194499999999998	24.9165	24.459	25.430000000000003
98-99	24.9285	25.369500000000002	24.592	25.11
100	25.695	24.531	24.262	25.512
>>END_MODULE
>>Per sequence GC content	pass
#GC Content	Count
0	0.0
1	0.0
2	0.0
3	0.0
4	0.0
5	0.0
6	0.5
7	0.5
8	0.0
9	0.0
10	0.0
11	0.0
12	0.0
13	1.5
14	1.5
15	0.5
16	1.5
17	4.0
18	8.0
19	9.5
20	10.0
21	16.5
22	26.5
23	32.0
24	44.0
25	60.5
26	84.0
27	124.0
28	184.5
29	239.5
30	310.5
31	404.0
32	505.0
33	618.0
34	759.5
35	908.5
36	1052.0
37	1240.5
38	1441.0
39	1662.0
40	1913.0
41	2195.5
42	2489.0
43	2792.0
44	3061.5
45	3347.5
46	3716.0
47	4044.5
48	4338.5
49	4598.0
50	4774.5
51	4852.0
52	4845.0
53	4815.5
54	4681.0
55	4439.5
56	4233.5
57	4021.0
58	3684.0
59	3339.0
60	2967.0
61	2510.5
62	2081.5
63	1694.0
64	1362.0
65	1042.5
66	739.0
67	521.5
68	376.5
69	261.5
70	181.5
71	122.0
72	75.0
73	41.0
74	23.5
75	22.0
76	17.5
77	12.0
78	6.0
79	2.0
80	2.5
81	2.5
82	2.0
83	2.0
84	1.0
85	0.0
86	0.0
87	0.0
88	0.5
89	0.5
90	0.0
91	0.0
92	0.0
93	0.0
94	0.0
95	0.0
96	0.0
97	0.0
98	0.0
99	0.0
100	0.0
>>END_MODULE
>>Per base N content	pass
#Base	N-Count
1	0.0
2	0.0
3	0.0
4	0.0
5	0.0
6	0.0
7	0.0
8	0.0
9	0.0
10-11	0.0
12-13	0.0
14-15	0.0
16-17	0.0
18-19	0.0
20-21	0.0
22-23	0.0
24-25	0.0
26-27	0.0
28-29	0.0
30-31	0.0
32-33	0.0
34-35	0.0
36-37	0.0
38-39	0.0
40-41	0.0
42-43	0.0
44-45	0.0
46-47	0.0
48-49	0.0
50-51	0.0
52-53	0.0
54-55	0.0
56-57	0.0
58-59	0.0
60-61	0.0
62-63	0.0
64-65	0.0
66-67	0.0
68-69	0.0
70-71	0.0
72-73	0.0
74-75	0.0
76-77	0.0
78-79	0.0
80-81	0.0
82-83	0.0
84-85	0.0
86-87	0.0
88-89	0.0
90-91	0.0
92-93	0.0
94-95	0.0
96-97	0.0
98-99	0.0
100	0.0
>>END_MODULE
>>Sequence Length Distribution	pass
#Length	Count
100	100000.0
>>END_MODULE
>>Sequence Duplication Levels	pass
#Total Deduplicated Percentage	93.405
#Duplication Level	Percentage of deduplicated	Percentage of total
1	94.8985600342594	88.64
2	4.126117445532895	7.707999999999999
3	0.5759862962368182	1.614
4	0.19270916974466035	0.72
5	0.07922488089502704	0.37
6	0.05245971843049087	0.294
7	0.02034152347304748	0.133
8	0.013917884481558803	0.104
9	0.013917884481558803	0.117
>10	0.026765162464536158	0.3
>50	0.0	0.0
>100	0.0	0.0
>500	0.0	0.0
>1k	0.0	0.0
>5k	0.0	0.0
>10k+	0.0	0.0
>>END_MODULE
>>Overrepresented sequences	pass
>>END_MODULE
>>Adapter Content	pass
#Position	Illumina Universal Adapter	Illumina Small RNA 3' Adapter	Illumina Small RNA 5' Adapter	Nextera Transposase Sequence	SOLID Small RNA Adapter
1	0.0	0.0	0.0	0.0	0.0
2	0.0	0.0	0.0	0.0	0.0
3	0.0	0.0	0.0	0.0	0.0
4	0.0	0.0	0.0	0.0	0.0
5	0.0	0.0	0.0	0.0	0.0
6	0.0	0.0	0.0	0.0	0.0
7	0.0	0.0	0.0	0.0	0.0
8	0.0	0.0	0.0	0.0	0.0
9	0.0	0.0	0.0	0.0	0.0
10-11	0.0	0.0	0.0	0.0	0.0
12-13	0.0	0.0	0.0	0.0	0.0
14-15	0.0	0.0	0.0	0.0	0.0
16-17	0.0	0.0	0.0	0.0	0.0
18-19	0.0	0.0	0.0	0.0	0.0
20-21	0.0	0.0	0.0	0.0	0.0
22-23	0.0	0.0	0.0	0.0	0.0
24-25	0.0	0.0	0.0	0.0	0.0
26-27	0.0	0.0	0.0	0.0	0.0
28-29	0.0	0.0	0.0	0.0	0.0
30-31	0.0	0.0	0.0	0.0	0.0
32-33	0.0	0.0	0.0	0.0	0.0
34-35	0.0	0.0	0.0	0.0	0.0
36-37	0.0	0.0	0.0	0.0	0.0
38-39	0.0	0.0	0.0	0.0	0.0
40-41	0.0	0.0	0.0	0.0	0.0
42-43	0.0	0.0	0.0	0.0	0.0
44-45	0.0	0.0	0.0	0.0	0.0
46-47	0.0	0.0	0.0	0.0	0.0
48-49	0.0	0.0	0.0	0.0	0.0
50-51	0.0	0.0	0.0	0.0	0.0
52-53	0.0	0.0	0.0	0.0	0.0
54-55	0.0	0.0	0.0	0.0	0.0
56-57	0.0	0.0	0.0	0.0	0.0
58-59	0.0	0.0	0.0	0.0	0.0
60-61	0.0	0.0	0.0	0.0	0.0
62-63	0.0	0.0	0.0	0.0	0.0
64-65	0.0	0.0	0.0	0.0	0.0
66-67	0.0	0.0	0.0	0.0	0.0
68-69	0.0	0.0	0.0	0.0	0.0
70-71	0.0	0.0	0.0	0.0	0.0
72-73	0.0	0.0	0.0	0.0	0.0
74-75	0.0	0.0	0.0	0.0	0.0
76-77	0.0	0.0	0.0	0.0	0.0
78-79	0.0	0.0	0.0	0.0	0.0
80-81	0.0	0.0	0.0	0.0	0.0
82-83	0.0	0.0	0.0	0.0	0.0
84-85	0.0	0.0	0.0	0.0	0.0
86-87	0.0	0.0	0.0	0.0	0.0
88-89	0.0	0.0	0.0	0.0	0.0
>>END_MODULE
