##FastQC	0.11.9
>>Basic Statistics	pass
#Measure	Value
Filename	Tco-28_2.fq.gz
File type	Conventional base calls
Encoding	Sanger / Illumina 1.9
Total Sequences	100000
Sequences flagged as poor quality	0
Sequence length	100
%GC	49
>>END_MODULE
>>Per base sequence quality	pass
#Base	Mean	Median	Lower Quartile	Upper Quartile	10th Percentile	90th Percentile
1	35.12287	37.0	36.0	37.0	30.0	38.0
2	35.29876	37.0	36.0	37.0	31.0	38.0
3	35.42322	37.0	36.0	37.0	31.0	38.0
4	35.40304	37.0	36.0	37.0	31.0	38.0
5	35.34957	37.0	36.0	37.0	31.0	38.0
6	35.23773	37.0	36.0	37.0	31.0	38.0
7	35.30706	37.0	36.0	37.0	31.0	38.0
8	35.36319	37.0	36.0	37.0	31.0	38.0
9	35.31392	37.0	36.0	37.0	31.0	38.0
10-11	35.29339	37.0	36.0	37.0	31.0	38.0
12-13	35.31592	37.0	36.0	37.0	31.0	38.0
14-15	35.274739999999994	37.0	36.0	37.0	31.0	38.0
16-17	35.262675	37.0	36.0	37.0	31.0	38.0
18-19	35.23461	37.0	36.0	37.0	31.0	38.0
20-21	35.184619999999995	37.0	36.0	37.0	31.0	38.0
22-23	35.160685	37.0	36.0	37.0	30.0	38.0
24-25	35.16854	37.0	36.0	37.0	30.0	38.0
26-27	35.13727	37.0	35.5	37.0	30.0	38.0
28-29	35.097995	37.0	35.0	37.0	30.0	38.0
30-31	35.0612	37.0	35.0	37.0	30.0	38.0
32-33	35.044515000000004	37.0	35.0	37.0	30.0	38.0
34-35	35.020354999999995	37.0	35.0	37.0	30.0	38.0
36-37	35.007755	37.0	35.0	37.0	30.0	38.0
38-39	34.963480000000004	37.0	35.0	37.0	30.0	38.0
40-41	34.932424999999995	37.0	35.0	37.0	30.0	38.0
42-43	34.884035	37.0	35.0	37.0	29.0	38.0
44-45	34.821555000000004	37.0	35.0	37.0	29.0	38.0
46-47	34.81452	37.0	35.0	37.0	29.0	38.0
48-49	34.72329	37.0	35.0	37.0	29.0	38.0
50-51	34.701135	37.0	35.0	37.0	29.0	38.0
52-53	34.683245	37.0	35.0	37.0	29.0	38.0
54-55	34.63322	37.0	35.0	37.0	28.5	38.0
56-57	34.581554999999994	37.0	35.0	37.0	28.0	38.0
58-59	34.55494	37.0	35.0	37.0	28.0	38.0
60-61	34.483835	37.0	34.0	37.0	28.0	38.0
62-63	34.35181	37.0	34.0	37.0	28.0	38.0
64-65	34.343455	37.0	34.0	37.0	27.5	38.0
66-67	34.328604999999996	37.0	34.0	37.0	28.0	38.0
68-69	34.19887	37.0	34.0	37.0	27.0	38.0
70-71	34.15858	37.0	34.0	37.0	27.0	38.0
72-73	34.11489	37.0	34.0	37.0	27.0	38.0
74-75	34.086200000000005	37.0	34.0	37.0	27.0	38.0
76-77	33.987044999999995	37.0	34.0	37.0	26.0	38.0
78-79	33.922430000000006	37.0	33.0	37.0	26.0	38.0
80-81	33.859480000000005	37.0	33.0	37.0	26.0	38.0
82-83	33.740865	37.0	33.0	37.0	25.5	38.0
84-85	33.705265	37.0	33.0	37.0	25.5	38.0
86-87	33.55861	36.0	33.0	37.0	25.0	38.0
88-89	33.505340000000004	36.0	33.0	37.0	25.0	38.0
90-91	33.364580000000004	36.0	32.5	37.0	24.0	38.0
92-93	33.336245	36.0	32.0	37.0	24.0	38.0
94-95	33.287755000000004	36.0	32.0	37.0	24.0	38.0
96-97	33.162615	36.0	32.0	37.0	23.5	38.0
98-99	33.03879	36.0	32.0	37.0	23.0	38.0
100	32.95127	36.0	32.0	37.0	23.0	38.0
>>END_MODULE
>>Per sequence quality scores	pass
#Quality	Count
21	19.0
22	128.0
23	336.0
24	639.0
25	856.0
26	1035.0
27	1336.0
28	1697.0
29	2155.0
30	2805.0
31	3718.0
32	4889.0
33	7464.0
34	12230.0
35	23158.0
36	35576.0
37	1959.0
>>END_MODULE
>>Per base sequence content	fail
#Base	G	A	T	C
1	40.018	12.659999999999998	7.904999999999999	39.417
2	27.894000000000002	17.947	36.717	17.442
3	22.261	21.868000000000002	23.883	31.988
4	26.772000000000002	30.799	21.332	21.096999999999998
5	24.148	31.157	24.615000000000002	20.080000000000002
6	20.162	32.949	27.445999999999998	19.442999999999998
7	19.997999999999998	17.384	40.306	22.312
8	23.155	22.038	28.654000000000003	26.153
9	22.717000000000002	21.337	30.548	25.398
10-11	25.393	29.227999999999998	21.504	23.875
12-13	24.4795	23.238500000000002	27.5575	24.7245
14-15	23.899	25.320999999999998	26.588	24.192
16-17	25.214	25.03	25.465500000000002	24.2905
18-19	25.125500000000002	25.093500000000002	25.165	24.616
20-21	25.208000000000002	25.374999999999996	25.064999999999998	24.352
22-23	25.259999999999998	25.519	24.673000000000002	24.548000000000002
24-25	25.158	25.357499999999998	24.95	24.5345
26-27	24.933	25.734	25.083499999999997	24.249499999999998
28-29	25.088	25.307000000000002	24.991	24.614
30-31	25.079	25.3255	24.919	24.6765
32-33	24.919	25.551000000000002	24.9255	24.6045
34-35	25.460500000000003	25.338	24.5865	24.615000000000002
36-37	25.176	25.219	24.791	24.814
38-39	24.9085	25.488	24.933	24.6705
40-41	25.1785	25.198999999999998	24.732499999999998	24.89
42-43	25.084	24.901	24.9015	25.1135
44-45	24.8485	25.404	25.008000000000003	24.7395
46-47	25.201	25.429000000000002	24.790499999999998	24.579500000000003
48-49	25.041000000000004	25.317	24.901999999999997	24.740000000000002
50-51	25.102999999999998	25.276	24.801000000000002	24.82
52-53	25.34	25.1745	24.6385	24.847
54-55	25.237	24.9015	24.8	25.0615
56-57	25.2355	25.1825	24.889	24.693
58-59	25.198500000000003	25.1415	24.7895	24.8705
60-61	25.064999999999998	24.929000000000002	24.9395	25.0665
62-63	24.992	25.2645	24.807000000000002	24.9365
64-65	25.36	25.144499999999997	24.734	24.7615
66-67	25.1645	24.9175	24.9665	24.9515
68-69	24.985	25.185000000000002	24.976499999999998	24.8535
70-71	25.548	24.8885	24.6945	24.869
72-73	25.269000000000002	24.768	24.844	25.119000000000003
74-75	25.041000000000004	24.8935	25.1145	24.951
76-77	25.2365	24.887999999999998	24.775	25.100499999999997
78-79	25.064500000000002	25.001	24.895	25.039499999999997
80-81	25.113000000000003	24.878	24.97	25.039
82-83	25.415	24.8305	24.895	24.8595
84-85	25.358999999999998	24.8645	24.683	25.093500000000002
86-87	25.111	25.125999999999998	24.837999999999997	24.925
88-89	25.3105	24.937	24.796000000000003	24.956500000000002
90-91	25.113999999999997	24.9275	24.7805	25.178
92-93	25.011	24.945999999999998	25.020500000000002	25.022499999999997
94-95	25.427	24.8765	24.691499999999998	25.005
96-97	25.423499999999997	24.916	24.766	24.8945
98-99	25.3955	25.0715	24.657	24.876
100	25.924999999999997	24.545	24.584	24.945999999999998
>>END_MODULE
>>Per sequence GC content	pass
#GC Content	Count
0	0.0
1	0.5
2	0.5
3	0.0
4	0.0
5	0.0
6	0.0
7	0.0
8	0.0
9	1.0
10	1.0
11	3.0
12	4.0
13	1.5
14	2.5
15	3.5
16	3.0
17	4.0
18	6.0
19	8.0
20	14.0
21	23.0
22	28.0
23	34.5
24	50.5
25	73.0
26	109.0
27	152.5
28	199.5
29	254.5
30	348.0
31	469.0
32	553.0
33	631.0
34	751.0
35	921.5
36	1126.5
37	1313.0
38	1508.0
39	1750.5
40	1941.0
41	2185.0
42	2551.0
43	2866.5
44	3101.5
45	3337.0
46	3777.5
47	4105.0
48	4370.0
49	4657.5
50	4782.0
51	4943.0
52	4861.5
53	4689.5
54	4610.5
55	4376.0
56	4221.0
57	3955.0
58	3566.0
59	3235.5
60	2804.0
61	2419.5
62	2029.5
63	1623.0
64	1280.0
65	992.5
66	727.0
67	526.0
68	370.5
69	246.5
70	178.0
71	123.0
72	71.5
73	39.5
74	29.0
75	19.5
76	14.0
77	8.0
78	4.5
79	3.5
80	1.0
81	2.5
82	2.5
83	1.5
84	1.0
85	0.5
86	1.0
87	0.5
88	0.0
89	0.0
90	0.0
91	0.0
92	0.0
93	0.0
94	0.0
95	0.0
96	0.0
97	0.0
98	0.0
99	0.0
100	0.0
>>END_MODULE
>>Per base N content	pass
#Base	N-Count
1	0.0
2	0.0
3	0.0
4	0.0
5	0.0
6	0.0
7	0.0
8	0.0
9	0.0
10-11	0.0
12-13	0.0
14-15	0.0
16-17	0.0
18-19	0.0
20-21	0.0
22-23	0.0
24-25	0.0
26-27	0.0
28-29	0.0
30-31	0.0
32-33	0.0
34-35	0.0
36-37	0.0
38-39	0.0
40-41	0.0
42-43	0.0
44-45	0.0
46-47	0.0
48-49	0.0
50-51	0.0
52-53	0.0
54-55	0.0
56-57	0.0
58-59	0.0
60-61	0.0
62-63	0.0
64-65	0.0
66-67	0.0
68-69	0.0
70-71	0.0
72-73	0.0
74-75	0.0
76-77	0.0
78-79	0.0
80-81	0.0
82-83	0.0
84-85	0.0
86-87	0.0
88-89	0.0
90-91	0.0
92-93	0.0
94-95	0.0
96-97	0.0
98-99	0.0
100	0.0
>>END_MODULE
>>Sequence Length Distribution	pass
#Length	Count
100	100000.0
>>END_MODULE
>>Sequence Duplication Levels	pass
#Total Deduplicated Percentage	91.63900000000001
#Duplication Level	Percentage of deduplicated	Percentage of total
1	93.91634566069031	86.064
2	4.812361549122099	8.82
3	0.6743853599450016	1.854
4	0.249893604251465	0.9159999999999999
5	0.1309486135815537	0.6
6	0.07529545280939338	0.414
7	0.038193345627953165	0.245
8	0.03710210718144022	0.272
9	0.015277338251181265	0.126
>10	0.05019696853959559	0.6890000000000001
>50	0.0	0.0
>100	0.0	0.0
>500	0.0	0.0
>1k	0.0	0.0
>5k	0.0	0.0
>10k+	0.0	0.0
>>END_MODULE
>>Overrepresented sequences	pass
>>END_MODULE
>>Adapter Content	pass
#Position	Illumina Universal Adapter	Illumina Small RNA 3' Adapter	Illumina Small RNA 5' Adapter	Nextera Transposase Sequence	SOLID Small RNA Adapter
1	0.0	0.0	0.0	0.0	0.0
2	0.0	0.0	0.0	0.0	0.0
3	0.0	0.0	0.0	0.0	0.0
4	0.0	0.0	0.0	0.0	0.0
5	0.0	0.0	0.0	0.0	0.0
6	0.0	0.0	0.0	0.0	0.0
7	0.0	0.0	0.0	0.0	0.0
8	0.0	0.0	0.0	0.0	0.0
9	0.0	0.0	0.0	0.0	0.0
10-11	0.0	0.0	0.0	0.0	0.0
12-13	0.0	0.0	0.0	0.0	0.0
14-15	0.0	0.0	0.0	0.0	0.0
16-17	0.0	0.0	0.0	0.0	0.0
18-19	0.0	0.0	0.0	0.0	0.0
20-21	0.0	0.0	0.0	0.0	0.0
22-23	0.0	0.0	0.0	0.0	0.0
24-25	0.0	0.0	0.0	0.0	0.0
26-27	0.0	0.0	0.0	0.0	0.0
28-29	0.0	0.0	0.0	0.0	0.0
30-31	0.0	0.0	0.0	0.0	0.0
32-33	0.0	0.0	0.0	0.0	0.0
34-35	0.0	0.0	0.0	0.0	0.0
36-37	0.0	0.0	0.0	0.0	0.0
38-39	0.0	0.0	0.0	0.0	0.0
40-41	0.0	0.0	0.0	0.0	0.0
42-43	0.0	0.0	0.0	0.0	0.0
44-45	0.0	0.0	0.0	0.0	0.0
46-47	0.0	0.0	0.0	0.0	0.0
48-49	0.0	0.0	0.0	0.0	0.0
50-51	0.0	0.0	0.0	0.0	0.0
52-53	0.0	0.0	0.0	0.0	0.0
54-55	0.0	0.0	0.0	0.0	0.0
56-57	0.0	0.0	0.0	0.0	0.0
58-59	0.0	0.0	0.0	0.0	0.0
60-61	0.0	0.0	0.0	0.0	0.0
62-63	0.0	0.0	0.0	0.0	0.0
64-65	0.0	0.0	0.0	0.0	0.0
66-67	0.0	0.0	0.0	0.0	0.0
68-69	0.0	0.0	0.0	0.0	0.0
70-71	0.0	0.0	0.0	0.0	0.0
72-73	0.0	0.0	0.0	0.0	0.0
74-75	0.0	0.0	0.0	0.0	0.0
76-77	0.0	0.0	0.0	0.0	0.0
78-79	0.0	0.0	0.0	0.0	0.0
80-81	0.0	0.0	0.0	0.0	0.0
82-83	0.0	0.0	0.0	0.0	0.0
84-85	0.0	0.0	0.0	0.0	0.0
86-87	0.0	0.0	0.0	0.0	0.0
88-89	0.0	0.0	0.0	0.0	0.0
>>END_MODULE
