##FastQC	0.11.9
>>Basic Statistics	pass
#Measure	Value
Filename	Tco-754_2.fq.gz
File type	Conventional base calls
Encoding	Sanger / Illumina 1.9
Total Sequences	100000
Sequences flagged as poor quality	0
Sequence length	100
%GC	50
>>END_MODULE
>>Per base sequence quality	pass
#Base	Mean	Median	Lower Quartile	Upper Quartile	10th Percentile	90th Percentile
1	35.00368	37.0	36.0	37.0	30.0	37.0
2	35.12568	37.0	36.0	37.0	30.0	37.0
3	35.24881	37.0	36.0	37.0	31.0	38.0
4	35.19498	37.0	36.0	37.0	30.0	38.0
5	35.16013	37.0	36.0	37.0	30.0	38.0
6	35.06814	37.0	35.0	37.0	30.0	38.0
7	35.08292	37.0	35.0	37.0	30.0	38.0
8	35.17651	37.0	36.0	37.0	30.0	38.0
9	35.11513	37.0	35.0	37.0	30.0	38.0
10-11	35.089150000000004	37.0	35.5	37.0	30.0	38.0
12-13	35.109555	37.0	35.5	37.0	30.0	38.0
14-15	35.06137	37.0	35.0	37.0	30.0	38.0
16-17	35.028445000000005	37.0	35.0	37.0	30.0	38.0
18-19	35.013305	37.0	35.0	37.0	30.0	38.0
20-21	34.936145	37.0	35.0	37.0	29.0	38.0
22-23	34.929545000000005	37.0	35.0	37.0	29.5	38.0
24-25	34.935424999999995	37.0	35.0	37.0	29.5	38.0
26-27	34.888415	37.0	35.0	37.0	29.0	38.0
28-29	34.83574	37.0	35.0	37.0	29.0	38.0
30-31	34.810665	37.0	35.0	37.0	29.0	38.0
32-33	34.768299999999996	37.0	35.0	37.0	29.0	38.0
34-35	34.766565	37.0	35.0	37.0	29.0	38.0
36-37	34.741465000000005	37.0	35.0	37.0	29.0	38.0
38-39	34.675345	37.0	35.0	37.0	29.0	38.0
40-41	34.638925	37.0	35.0	37.0	28.5	38.0
42-43	34.561175	37.0	35.0	37.0	28.0	38.0
44-45	34.48563	37.0	35.0	37.0	28.0	38.0
46-47	34.502629999999996	37.0	35.0	37.0	28.0	38.0
48-49	34.37436	37.0	34.0	37.0	28.0	38.0
50-51	34.36957	37.0	34.0	37.0	28.0	38.0
52-53	34.319145	37.0	34.0	37.0	27.5	38.0
54-55	34.258425	37.0	34.0	37.0	27.0	38.0
56-57	34.191895	37.0	34.0	37.0	27.0	38.0
58-59	34.194025	37.0	34.0	37.0	27.0	38.0
60-61	34.08806	37.0	34.0	37.0	27.0	38.0
62-63	33.98095	37.0	34.0	37.0	26.0	38.0
64-65	33.95393	37.0	33.5	37.0	26.0	38.0
66-67	33.9196	37.0	33.5	37.0	26.0	38.0
68-69	33.79244	37.0	33.0	37.0	25.5	38.0
70-71	33.74262	37.0	33.0	37.0	25.0	38.0
72-73	33.690205	37.0	33.0	37.0	25.0	38.0
74-75	33.64826	37.0	33.0	37.0	25.0	38.0
76-77	33.52766	36.5	33.0	37.0	25.0	38.0
78-79	33.458855	36.0	33.0	37.0	24.5	38.0
80-81	33.371815	36.0	32.0	37.0	24.0	38.0
82-83	33.301739999999995	36.0	32.0	37.0	24.0	38.0
84-85	33.204395000000005	36.0	32.0	37.0	24.0	38.0
86-87	33.071455	36.0	32.0	37.0	23.0	38.0
88-89	33.019115	36.0	32.0	37.0	23.0	38.0
90-91	32.874665	36.0	32.0	37.0	22.5	37.5
92-93	32.782185	36.0	31.0	37.0	22.0	37.5
94-95	32.718225000000004	36.0	31.0	37.0	22.0	37.0
96-97	32.632310000000004	36.0	31.0	37.0	22.0	37.0
98-99	32.471415	36.0	31.0	37.0	21.0	37.0
100	32.3796	36.0	31.0	37.0	21.0	37.0
>>END_MODULE
>>Per sequence quality scores	pass
#Quality	Count
20	1.0
21	27.0
22	164.0
23	414.0
24	811.0
25	1152.0
26	1339.0
27	1683.0
28	2162.0
29	2686.0
30	3408.0
31	4298.0
32	5840.0
33	8515.0
34	12735.0
35	22523.0
36	30629.0
37	1613.0
>>END_MODULE
>>Per base sequence content	fail
#Base	G	A	T	C
1	40.575	12.211	9.086	38.128
2	29.848000000000003	17.740000000000002	34.318	18.093999999999998
3	24.204	21.701999999999998	22.404	31.69
4	28.349000000000004	29.959000000000003	20.101	21.590999999999998
5	25.232	30.694	23.613999999999997	20.46
6	21.133	33.178999999999995	26.172	19.516
7	20.116	17.011000000000003	39.861000000000004	23.012
8	24.096999999999998	22.27	27.313	26.32
9	23.399	21.148	29.408	26.045
10-11	25.478	29.357	20.963	24.202
12-13	24.718	23.496	26.948499999999996	24.837500000000002
14-15	24.441	25.1175	26.279000000000003	24.1625
16-17	25.564999999999998	25.019999999999996	25.130999999999997	24.284
18-19	25.582	25.0695	24.573	24.7755
20-21	25.5635	25.2135	24.6865	24.5365
22-23	25.2735	25.398	24.446	24.8825
24-25	25.392	25.3735	24.4815	24.753
26-27	25.318	25.4295	24.5495	24.703
28-29	25.235000000000003	25.379	24.576	24.81
30-31	25.229499999999998	25.4025	24.303	25.064999999999998
32-33	25.465	25.169999999999998	24.5275	24.837500000000002
34-35	25.7805	25.125500000000002	24.200499999999998	24.8935
36-37	25.1	25.3345	24.5705	24.995
38-39	25.0245	25.156499999999998	24.8125	25.0065
40-41	25.5975	24.956	24.62	24.826500000000003
42-43	25.461	24.8565	24.6065	25.075999999999997
44-45	25.277500000000003	25.058999999999997	24.505	25.1585
46-47	25.548	25.229499999999998	24.37	24.8525
48-49	25.4635	24.8015	24.471	25.263999999999996
50-51	25.5595	25.2795	24.435000000000002	24.726
52-53	25.7135	25.131999999999998	24.3245	24.83
54-55	25.411	24.715999999999998	24.5685	25.3045
56-57	25.472499999999997	25.039499999999997	24.581500000000002	24.9065
58-59	25.503500000000003	24.9675	24.3815	25.1475
60-61	25.5925	24.8505	24.266	25.291000000000004
62-63	25.320500000000003	24.92	24.543499999999998	25.216
64-65	25.775	24.7265	24.4155	25.083
66-67	25.533	24.665	24.595	25.207
68-69	25.532500000000002	24.826	24.6975	24.944
70-71	25.642500000000002	24.648500000000002	24.3095	25.399500000000003
72-73	25.668000000000003	24.497	24.5275	25.3075
74-75	25.56	24.5715	24.6355	25.233
76-77	25.6055	24.6805	24.342	25.372
78-79	25.635	24.698999999999998	24.449	25.217
80-81	25.272499999999997	24.671499999999998	24.762	25.294
82-83	25.8195	24.64	24.526999999999997	25.0135
84-85	25.6355	24.544	24.573999999999998	25.2465
86-87	25.4905	24.682000000000002	24.631	25.1965
88-89	25.831	24.51	24.386	25.273
90-91	25.622	24.792	24.2505	25.3355
92-93	25.851499999999998	24.520500000000002	24.5525	25.0755
94-95	25.691999999999997	24.8465	24.197	25.2645
96-97	25.892500000000002	24.447499999999998	24.4885	25.1715
98-99	25.708	24.784	24.4195	25.088500000000003
100	26.149	24.372	23.983999999999998	25.495
>>END_MODULE
>>Per sequence GC content	pass
#GC Content	Count
0	0.0
1	0.0
2	0.0
3	0.0
4	0.0
5	0.0
6	0.0
7	0.0
8	0.5
9	0.5
10	0.0
11	0.0
12	0.0
13	0.5
14	1.0
15	1.5
16	3.0
17	2.5
18	4.0
19	6.5
20	9.0
21	11.5
22	13.5
23	23.0
24	35.5
25	57.5
26	90.0
27	114.0
28	148.0
29	200.0
30	249.0
31	344.0
32	442.0
33	505.0
34	632.5
35	788.5
36	973.5
37	1129.0
38	1286.0
39	1483.5
40	1708.5
41	1995.0
42	2324.0
43	2682.5
44	2945.5
45	3261.0
46	3723.0
47	3969.5
48	4256.5
49	4652.5
50	4837.5
51	4997.5
52	5094.0
53	5056.5
54	4881.0
55	4651.0
56	4403.0
57	4104.5
58	3762.0
59	3457.5
60	3077.0
61	2572.0
62	2141.0
63	1794.0
64	1430.5
65	1065.0
66	804.0
67	591.0
68	400.0
69	275.0
70	191.0
71	121.0
72	69.5
73	49.0
74	39.5
75	24.0
76	14.5
77	8.5
78	6.5
79	3.5
80	2.0
81	0.0
82	0.5
83	1.5
84	1.0
85	0.0
86	0.0
87	0.0
88	0.0
89	0.0
90	0.5
91	0.5
92	0.0
93	0.0
94	0.0
95	0.0
96	0.0
97	0.0
98	0.0
99	0.0
100	0.0
>>END_MODULE
>>Per base N content	pass
#Base	N-Count
1	0.0
2	0.0
3	0.0
4	0.0
5	0.0
6	0.0
7	0.0
8	0.0
9	0.0
10-11	0.0
12-13	0.0
14-15	0.0
16-17	0.0
18-19	0.0
20-21	0.0
22-23	0.0
24-25	0.0
26-27	0.0
28-29	0.0
30-31	0.0
32-33	0.0
34-35	0.0
36-37	0.0
38-39	0.0
40-41	0.0
42-43	0.0
44-45	0.0
46-47	0.0
48-49	0.0
50-51	0.0
52-53	0.0
54-55	0.0
56-57	0.0
58-59	0.0
60-61	0.0
62-63	0.0
64-65	0.0
66-67	0.0
68-69	0.0
70-71	0.0
72-73	0.0
74-75	0.0
76-77	0.0
78-79	0.0
80-81	0.0
82-83	0.0
84-85	0.0
86-87	0.0
88-89	0.0
90-91	0.0
92-93	0.0
94-95	0.0
96-97	0.0
98-99	0.0
100	0.0
>>END_MODULE
>>Sequence Length Distribution	pass
#Length	Count
100	100000.0
>>END_MODULE
>>Sequence Duplication Levels	pass
#Total Deduplicated Percentage	92.498
#Duplication Level	Percentage of deduplicated	Percentage of total
1	94.42798763216503	87.344
2	4.437933793163095	8.21
3	0.6237972712923523	1.7309999999999999
4	0.23459966701982743	0.868
5	0.10378602780600661	0.48
6	0.05621743172825359	0.312
7	0.03891976042725248	0.252
8	0.01837877575731367	0.136
9	0.00972994010681312	0.08099999999999999
>10	0.0486497005340656	0.586
>50	0.0	0.0
>100	0.0	0.0
>500	0.0	0.0
>1k	0.0	0.0
>5k	0.0	0.0
>10k+	0.0	0.0
>>END_MODULE
>>Overrepresented sequences	pass
>>END_MODULE
>>Adapter Content	pass
#Position	Illumina Universal Adapter	Illumina Small RNA 3' Adapter	Illumina Small RNA 5' Adapter	Nextera Transposase Sequence	SOLID Small RNA Adapter
1	0.0	0.0	0.0	0.0	0.0
2	0.0	0.0	0.0	0.0	0.0
3	0.0	0.0	0.0	0.0	0.0
4	0.0	0.0	0.0	0.0	0.0
5	0.0	0.0	0.0	0.0	0.0
6	0.0	0.0	0.0	0.0	0.0
7	0.0	0.0	0.0	0.0	0.0
8	0.0	0.0	0.0	0.0	0.0
9	0.0	0.0	0.0	0.0	0.0
10-11	0.0	0.0	0.0	0.0	0.0
12-13	0.0	0.0	0.0	0.0	0.0
14-15	0.0	0.0	0.0	0.0	0.0
16-17	0.0	0.0	0.0	0.0	0.0
18-19	0.0	0.0	0.0	0.0	0.0
20-21	0.0	0.0	0.0	0.0	0.0
22-23	0.0	0.0	0.0	0.0	0.0
24-25	0.0	0.0	0.0	0.0	0.0
26-27	0.0	0.0	0.0	0.0	0.0
28-29	0.0	0.0	0.0	0.0	0.0
30-31	0.0	0.0	0.0	0.0	0.0
32-33	0.0	0.0	0.0	0.0	0.0
34-35	0.0	0.0	0.0	0.0	0.0
36-37	0.0	0.0	0.0	0.0	0.0
38-39	0.0	0.0	0.0	0.0	0.0
40-41	0.0	0.0	0.0	0.0	0.0
42-43	0.0	0.0	0.0	0.0	0.0
44-45	0.0	0.0	0.0	0.0	0.0
46-47	0.0	0.0	0.0	0.0	0.0
48-49	0.0	0.0	0.0	0.0	0.0
50-51	0.0	0.0	0.0	0.0	0.0
52-53	0.0	0.0	0.0	0.0	0.0
54-55	0.0	0.0	0.0	0.0	0.0
56-57	0.0	0.0	0.0	0.0	0.0
58-59	0.0	0.0	0.0	0.0	0.0
60-61	0.0	0.0	0.0	0.0	0.0
62-63	0.0	0.0	0.0	0.0	0.0
64-65	0.0	0.0	0.0	0.0	0.0
66-67	0.0	0.0	0.0	0.0	0.0
68-69	0.0	0.0	0.0	0.0	0.0
70-71	0.0	0.0	0.0	0.0	0.0
72-73	0.0	0.0	0.0	0.0	0.0
74-75	0.0	0.0	0.0	0.0	0.0
76-77	0.0	0.0	0.0	0.0	0.0
78-79	0.0	0.0	0.0	0.001	0.0
80-81	0.0	0.0	0.0	0.001	0.0
82-83	0.0	0.0	0.0	0.001	0.0
84-85	0.0	0.0	0.0	0.001	0.0
86-87	0.0	0.0	0.0	0.001	0.0
88-89	0.0	0.0	0.0	0.001	0.0
>>END_MODULE
