##FastQC	0.11.9
>>Basic Statistics	pass
#Measure	Value
Filename	Tco-702_2.fq.gz
File type	Conventional base calls
Encoding	Sanger / Illumina 1.9
Total Sequences	100000
Sequences flagged as poor quality	0
Sequence length	100
%GC	50
>>END_MODULE
>>Per base sequence quality	pass
#Base	Mean	Median	Lower Quartile	Upper Quartile	10th Percentile	90th Percentile
1	34.99901	37.0	35.0	37.0	30.0	37.0
2	35.04416	37.0	35.0	37.0	30.0	37.0
3	35.17023	37.0	36.0	37.0	30.0	37.0
4	35.18099	37.0	36.0	37.0	30.0	38.0
5	35.11148	37.0	35.0	37.0	30.0	38.0
6	35.01498	37.0	35.0	37.0	30.0	37.0
7	35.04293	37.0	35.0	37.0	30.0	37.0
8	35.13676	37.0	35.0	37.0	30.0	38.0
9	35.04779	37.0	35.0	37.0	30.0	38.0
10-11	35.031345	37.0	35.0	37.0	30.0	38.0
12-13	35.03894	37.0	35.0	37.0	30.0	38.0
14-15	35.017155	37.0	35.0	37.0	30.0	38.0
16-17	34.969695	37.0	35.0	37.0	30.0	38.0
18-19	34.96003	37.0	35.0	37.0	30.0	38.0
20-21	34.91336	37.0	35.0	37.0	29.5	38.0
22-23	34.873045	37.0	35.0	37.0	29.0	38.0
24-25	34.864445	37.0	35.0	37.0	29.0	38.0
26-27	34.838719999999995	37.0	35.0	37.0	29.0	38.0
28-29	34.780415	37.0	35.0	37.0	29.0	38.0
30-31	34.732910000000004	37.0	35.0	37.0	29.0	38.0
32-33	34.734854999999996	37.0	35.0	37.0	29.0	38.0
34-35	34.691775	37.0	35.0	37.0	29.0	38.0
36-37	34.67124	37.0	35.0	37.0	29.0	38.0
38-39	34.608125	37.0	35.0	37.0	28.0	38.0
40-41	34.586615	37.0	35.0	37.0	28.0	38.0
42-43	34.50868	37.0	35.0	37.0	28.0	38.0
44-45	34.422135	37.0	34.0	37.0	28.0	38.0
46-47	34.409414999999996	37.0	34.0	37.0	28.0	38.0
48-49	34.33125	37.0	34.0	37.0	27.5	38.0
50-51	34.30675	37.0	34.0	37.0	27.0	38.0
52-53	34.25547	37.0	34.0	37.0	27.0	38.0
54-55	34.203815	37.0	34.0	37.0	27.0	38.0
56-57	34.160335	37.0	34.0	37.0	27.0	38.0
58-59	34.104585	37.0	34.0	37.0	27.0	38.0
60-61	33.98666	37.0	34.0	37.0	26.0	38.0
62-63	33.905969999999996	37.0	33.5	37.0	26.0	38.0
64-65	33.872945	37.0	33.0	37.0	26.0	38.0
66-67	33.849845	37.0	33.0	37.0	26.0	38.0
68-69	33.739774999999995	37.0	33.0	37.0	25.5	38.0
70-71	33.6697	37.0	33.0	37.0	25.0	38.0
72-73	33.61295	37.0	33.0	37.0	25.0	38.0
74-75	33.565169999999995	37.0	33.0	37.0	25.0	38.0
76-77	33.465435	36.0	33.0	37.0	24.5	37.5
78-79	33.3693	36.0	32.5	37.0	24.0	38.0
80-81	33.310325000000006	36.0	32.0	37.0	24.0	37.5
82-83	33.193555	36.0	32.0	37.0	23.5	37.0
84-85	33.136285	36.0	32.0	37.0	23.5	37.0
86-87	32.988145	36.0	32.0	37.0	23.0	37.0
88-89	32.933785	36.0	32.0	37.0	23.0	37.0
90-91	32.814795000000004	36.0	31.0	37.0	22.5	37.0
92-93	32.762969999999996	36.0	31.0	37.0	22.0	37.0
94-95	32.683995	36.0	31.0	37.0	22.0	37.0
96-97	32.56344	36.0	31.0	37.0	22.0	37.0
98-99	32.440905	36.0	31.0	37.0	21.0	37.0
100	32.3381	36.0	30.0	37.0	21.0	37.0
>>END_MODULE
>>Per sequence quality scores	pass
#Quality	Count
21	27.0
22	180.0
23	465.0
24	856.0
25	1164.0
26	1510.0
27	1836.0
28	2191.0
29	2661.0
30	3384.0
31	4377.0
32	5937.0
33	8482.0
34	13047.0
35	22808.0
36	29624.0
37	1451.0
>>END_MODULE
>>Per base sequence content	fail
#Base	G	A	T	C
1	42.010999999999996	12.504999999999999	8.719000000000001	36.765
2	28.756999999999998	18.569	34.611999999999995	18.062
3	23.557	22.606	22.54	31.297000000000004
4	27.589999999999996	30.628	20.615	21.166999999999998
5	24.55	31.588	23.648	20.214
6	20.543	33.838	26.562	19.057
7	20.355999999999998	17.25	39.811	22.583000000000002
8	23.524	22.381999999999998	27.791	26.302999999999997
9	23.605999999999998	21.395	29.279	25.72
10-11	25.480999999999998	29.7005	21.064	23.7545
12-13	24.5595	23.3745	27.3665	24.6995
14-15	24.3605	25.663999999999998	26.070999999999998	23.904500000000002
16-17	25.223000000000003	25.3485	25.351000000000003	24.0775
18-19	25.1145	25.516499999999997	24.915499999999998	24.453500000000002
20-21	25.243	25.6755	24.8425	24.239
22-23	25.528000000000002	25.5965	24.5195	24.356
24-25	25.419999999999998	25.4345	24.7875	24.358
26-27	25.011499999999998	25.899	24.621000000000002	24.468500000000002
28-29	25.430500000000002	25.428	24.5625	24.579
30-31	25.3785	25.496999999999996	24.467	24.6575
32-33	24.9785	25.814500000000002	24.581500000000002	24.6255
34-35	25.372	25.534499999999998	24.3485	24.745
36-37	25.104	25.6785	24.694	24.523500000000002
38-39	25.1525	25.574	24.6295	24.644
40-41	25.448999999999998	25.169000000000004	24.5445	24.837500000000002
42-43	25.1745	25.521	24.508499999999998	24.796000000000003
44-45	25.0145	25.672	24.6435	24.67
46-47	25.618000000000002	25.41	24.3485	24.6235
48-49	25.234499999999997	25.4395	24.4705	24.8555
50-51	25.0695	25.287	24.776	24.8675
52-53	25.600499999999997	25.070999999999998	24.579500000000003	24.749
54-55	25.3235	25.099500000000003	24.6035	24.9735
56-57	25.179499999999997	25.282500000000002	24.65	24.887999999999998
58-59	25.419000000000004	25.2265	24.55	24.804499999999997
60-61	25.0305	25.2445	24.519	25.206
62-63	25.222	25.134	24.7415	24.9025
64-65	25.533499999999997	25.0965	24.4895	24.8805
66-67	25.330000000000002	25.032	24.5735	25.064500000000002
68-69	25.484499999999997	25.277500000000003	24.4095	24.828500000000002
70-71	25.5685	25.035	24.367	25.0295
72-73	25.5145	24.747	24.734	25.0045
74-75	25.393500000000003	24.813499999999998	24.7185	25.0745
76-77	25.4775	24.977	24.514	25.0315
78-79	25.6665	24.7485	24.645500000000002	24.9395
80-81	25.401	25.023	24.563499999999998	25.0125
82-83	25.685999999999996	24.802	24.307000000000002	25.205
84-85	25.383499999999998	24.898500000000002	24.573	25.145
86-87	25.1765	25.093500000000002	24.7405	24.9895
88-89	25.3805	25.022	24.546	25.051499999999997
90-91	25.552500000000002	25.0315	24.252499999999998	25.1635
92-93	25.584	24.8975	24.567	24.9515
94-95	25.8905	24.956	24.2145	24.939
96-97	25.793	24.7135	24.1765	25.317
98-99	25.6175	25.091	24.2455	25.046000000000003
100	25.789	24.72	24.248	25.243
>>END_MODULE
>>Per sequence GC content	pass
#GC Content	Count
0	0.0
1	0.0
2	0.0
3	0.0
4	0.0
5	0.0
6	0.0
7	0.0
8	0.5
9	1.0
10	1.0
11	1.5
12	1.0
13	1.0
14	1.5
15	2.0
16	3.5
17	6.0
18	5.0
19	6.5
20	10.5
21	17.5
22	24.0
23	31.5
24	48.0
25	67.0
26	92.5
27	128.5
28	180.0
29	250.0
30	320.5
31	413.5
32	531.5
33	621.0
34	781.0
35	977.0
36	1086.0
37	1257.0
38	1483.0
39	1663.5
40	1948.5
41	2231.0
42	2479.5
43	2781.5
44	3087.5
45	3439.5
46	3721.5
47	3983.0
48	4261.0
49	4484.0
50	4649.0
51	4830.5
52	4806.5
53	4622.0
54	4564.0
55	4433.5
56	4151.0
57	3898.0
58	3647.0
59	3264.0
60	2938.5
61	2648.5
62	2239.0
63	1796.0
64	1405.5
65	1063.0
66	802.0
67	595.0
68	404.0
69	269.5
70	178.5
71	118.5
72	83.5
73	56.5
74	33.5
75	23.0
76	17.5
77	8.5
78	6.0
79	5.5
80	4.5
81	3.0
82	2.5
83	1.5
84	0.0
85	0.0
86	0.0
87	0.0
88	0.0
89	0.0
90	0.0
91	0.0
92	0.0
93	0.0
94	0.0
95	0.0
96	0.0
97	0.0
98	0.0
99	0.0
100	0.0
>>END_MODULE
>>Per base N content	pass
#Base	N-Count
1	0.0
2	0.0
3	0.0
4	0.0
5	0.0
6	0.0
7	0.0
8	0.0
9	0.0
10-11	0.0
12-13	0.0
14-15	0.0
16-17	0.0
18-19	0.0
20-21	0.0
22-23	0.0
24-25	0.0
26-27	0.0
28-29	0.0
30-31	0.0
32-33	0.0
34-35	0.0
36-37	0.0
38-39	0.0
40-41	0.0
42-43	0.0
44-45	0.0
46-47	0.0
48-49	0.0
50-51	0.0
52-53	0.0
54-55	0.0
56-57	0.0
58-59	0.0
60-61	0.0
62-63	0.0
64-65	0.0
66-67	0.0
68-69	0.0
70-71	0.0
72-73	0.0
74-75	0.0
76-77	0.0
78-79	0.0
80-81	0.0
82-83	0.0
84-85	0.0
86-87	0.0
88-89	0.0
90-91	0.0
92-93	0.0
94-95	0.0
96-97	0.0
98-99	0.0
100	0.0
>>END_MODULE
>>Sequence Length Distribution	pass
#Length	Count
100	100000.0
>>END_MODULE
>>Sequence Duplication Levels	pass
#Total Deduplicated Percentage	90.601
#Duplication Level	Percentage of deduplicated	Percentage of total
1	94.40955397843291	85.536
2	4.169931899206411	7.556
3	0.6909416010860807	1.8780000000000001
4	0.24171918632244677	0.876
5	0.13355260979459388	0.605
6	0.07395061864659332	0.402
7	0.061809472301630225	0.392
8	0.04083840134214854	0.296
9	0.035319698458074415	0.28800000000000003
>10	0.14127879383229766	2.093
>50	0.0011037405768148255	0.078
>100	0.0	0.0
>500	0.0	0.0
>1k	0.0	0.0
>5k	0.0	0.0
>10k+	0.0	0.0
>>END_MODULE
>>Overrepresented sequences	pass
>>END_MODULE
>>Adapter Content	pass
#Position	Illumina Universal Adapter	Illumina Small RNA 3' Adapter	Illumina Small RNA 5' Adapter	Nextera Transposase Sequence	SOLID Small RNA Adapter
1	0.0	0.0	0.0	0.0	0.0
2	0.0	0.0	0.0	0.0	0.0
3	0.0	0.0	0.0	0.0	0.0
4	0.0	0.0	0.0	0.0	0.0
5	0.0	0.0	0.0	0.0	0.0
6	0.0	0.0	0.0	0.0	0.0
7	0.0	0.0	0.0	0.0	0.0
8	0.0	0.0	0.0	0.0	0.0
9	0.0	0.0	0.0	0.0	0.0
10-11	0.0	0.0	0.0	0.0	0.0
12-13	0.0	0.0	0.0	0.0	0.0
14-15	0.0	0.0	0.0	0.0	0.0
16-17	0.0	0.0	0.0	0.0	0.0
18-19	0.0	0.0	0.0	0.0	0.0
20-21	0.0	0.0	0.0	0.0	0.0
22-23	0.0	0.0	0.0	0.0	0.0
24-25	0.0	0.0	0.0	0.0	0.0
26-27	0.0	0.0	0.0	0.0	0.0
28-29	0.0	0.0	0.0	0.0	0.0
30-31	0.0	0.0	0.0	0.0	0.0
32-33	0.0	0.0	0.0	0.0	0.0
34-35	0.0	0.0	0.0	0.0	0.0
36-37	0.0	0.0	0.0	0.0	0.0
38-39	0.0	0.0	0.0	0.0	0.0
40-41	0.0	0.0	0.0	0.0	0.0
42-43	0.0	0.0	0.0	0.0	0.0
44-45	0.0	0.0	0.0	0.0	0.0
46-47	0.0	0.0	0.0	0.0	0.0
48-49	0.0	0.0	0.0	0.0	0.0
50-51	0.0	0.0	0.0	0.0	0.0
52-53	0.0	0.0	0.0	0.0	0.0
54-55	0.0	0.0	0.0	0.0	0.0
56-57	0.0	0.0	0.0	0.0	0.0
58-59	0.0	0.0	0.0	0.0	0.0
60-61	0.0	0.0	0.0	0.0	0.0
62-63	0.0	0.0	0.0	0.0	0.0
64-65	0.0	0.0	0.0	0.0	0.0
66-67	0.0	0.0	0.0	0.0	0.0
68-69	0.0	0.0	0.0	0.0	0.0
70-71	0.0	0.0	0.0	0.0	0.0
72-73	0.0	0.0	0.0	0.0	0.0
74-75	0.0	0.0	0.0	0.0	0.0
76-77	0.0	0.0	0.0	0.0	0.0
78-79	0.0	0.0	0.0	0.0	0.0
80-81	0.0	0.0	0.0	0.0	0.0
82-83	0.0	0.0	0.0	0.0	0.0
84-85	0.0	0.0	0.0	0.0	0.0
86-87	0.0	0.0	0.0	0.0	0.0
88-89	0.0	0.0	0.0	0.0	0.0
>>END_MODULE
