##FastQC	0.11.9
>>Basic Statistics	pass
#Measure	Value
Filename	Tco-752_2.fq.gz
File type	Conventional base calls
Encoding	Sanger / Illumina 1.9
Total Sequences	100000
Sequences flagged as poor quality	0
Sequence length	100
%GC	49
>>END_MODULE
>>Per base sequence quality	pass
#Base	Mean	Median	Lower Quartile	Upper Quartile	10th Percentile	90th Percentile
1	34.92877	37.0	35.0	37.0	30.0	37.0
2	34.95648	37.0	35.0	37.0	30.0	37.0
3	35.1107	37.0	35.0	37.0	30.0	37.0
4	35.10102	37.0	35.0	37.0	30.0	37.0
5	34.98351	37.0	35.0	37.0	30.0	37.0
6	34.85695	37.0	35.0	37.0	29.0	37.0
7	34.92271	37.0	35.0	37.0	30.0	37.0
8	35.003	37.0	35.0	37.0	30.0	37.0
9	34.93141	37.0	35.0	37.0	30.0	37.0
10-11	34.9299	37.0	35.0	37.0	29.5	37.5
12-13	34.940745	37.0	35.0	37.0	30.0	37.0
14-15	34.880805	37.0	35.0	37.0	29.0	37.5
16-17	34.85188	37.0	35.0	37.0	29.0	38.0
18-19	34.824755	37.0	35.0	37.0	29.0	38.0
20-21	34.750524999999996	37.0	35.0	37.0	29.0	38.0
22-23	34.72231	37.0	35.0	37.0	29.0	38.0
24-25	34.70637	37.0	35.0	37.0	29.0	38.0
26-27	34.673035	37.0	35.0	37.0	29.0	38.0
28-29	34.608959999999996	37.0	35.0	37.0	28.0	38.0
30-31	34.557339999999996	37.0	35.0	37.0	28.0	38.0
32-33	34.56139	37.0	35.0	37.0	28.0	38.0
34-35	34.53008	37.0	35.0	37.0	28.0	38.0
36-37	34.482665	37.0	34.0	37.0	28.0	38.0
38-39	34.40823	37.0	34.0	37.0	28.0	38.0
40-41	34.37513	37.0	34.0	37.0	28.0	38.0
42-43	34.277474999999995	37.0	34.0	37.0	27.0	38.0
44-45	34.22865	37.0	34.0	37.0	27.0	38.0
46-47	34.195435	37.0	34.0	37.0	27.0	38.0
48-49	34.0989	37.0	34.0	37.0	26.5	38.0
50-51	34.07236	37.0	34.0	37.0	27.0	38.0
52-53	33.99967	37.0	34.0	37.0	26.0	38.0
54-55	33.966055	37.0	34.0	37.0	26.0	38.0
56-57	33.88838	37.0	33.0	37.0	26.0	38.0
58-59	33.876815	37.0	33.0	37.0	26.0	37.5
60-61	33.742185000000006	37.0	33.0	37.0	25.0	37.5
62-63	33.591905	37.0	33.0	37.0	25.0	37.0
64-65	33.59834	36.5	33.0	37.0	25.0	37.0
66-67	33.56572	36.5	33.0	37.0	25.0	37.0
68-69	33.400735	36.0	32.5	37.0	24.0	37.0
70-71	33.353030000000004	36.0	32.0	37.0	24.0	37.0
72-73	33.299155	36.0	32.0	37.0	24.0	37.0
74-75	33.248585000000006	36.0	32.0	37.0	24.0	37.0
76-77	33.086805	36.0	32.0	37.0	23.0	37.0
78-79	33.044965	36.0	32.0	37.0	23.0	37.0
80-81	32.921035	36.0	32.0	37.0	23.0	37.0
82-83	32.883025	36.0	31.5	37.0	22.5	37.0
84-85	32.758855	36.0	31.0	37.0	22.0	37.0
86-87	32.624765	36.0	31.0	37.0	22.0	37.0
88-89	32.588935	36.0	31.0	37.0	22.0	37.0
90-91	32.41266	36.0	31.0	37.0	21.0	37.0
92-93	32.313845	36.0	30.5	37.0	21.0	37.0
94-95	32.278724999999994	36.0	30.0	37.0	21.0	37.0
96-97	32.1763	36.0	30.0	37.0	20.5	37.0
98-99	31.950629999999997	36.0	30.0	37.0	20.0	37.0
100	31.91544	36.0	30.0	37.0	20.0	37.0
>>END_MODULE
>>Per sequence quality scores	pass
#Quality	Count
21	28.0
22	194.0
23	529.0
24	1040.0
25	1395.0
26	1715.0
27	1948.0
28	2490.0
29	3093.0
30	3764.0
31	4947.0
32	6517.0
33	9224.0
34	13446.0
35	22009.0
36	26471.0
37	1190.0
>>END_MODULE
>>Per base sequence content	fail
#Base	G	A	T	C
1	42.229	12.043	9.075999999999999	36.652
2	29.173	18.694	33.75	18.383
3	24.57	22.25	22.272	30.908
4	28.524	30.538999999999998	19.911	21.026
5	24.759	31.589	23.371	20.281
6	21.240000000000002	34.027	25.741000000000003	18.992
7	20.469	17.881	39.103	22.547
8	23.673	22.778000000000002	27.581	25.968000000000004
9	23.294999999999998	21.787	29.321	25.596999999999998
10-11	25.343500000000002	30.093500000000002	21.0075	23.5555
12-13	24.423000000000002	23.931	27.206999999999997	24.439
14-15	24.2135	25.852999999999998	26.327	23.6065
16-17	25.296499999999998	25.504500000000004	25.1295	24.069499999999998
18-19	25.197999999999997	25.723499999999998	24.8365	24.242
20-21	25.2365	25.773000000000003	24.990499999999997	24.0
22-23	25.085	25.948999999999998	24.5395	24.4265
24-25	25.0625	26.009999999999998	24.6365	24.291
26-27	25.061	25.9685	24.9785	23.992
28-29	25.176	25.7525	24.770500000000002	24.301000000000002
30-31	25.087500000000002	25.976	24.7215	24.215
32-33	25.038500000000003	25.835	24.743000000000002	24.383499999999998
34-35	25.3485	25.706	24.575	24.3705
36-37	25.145	25.631500000000003	24.7285	24.495
38-39	24.936	25.7185	24.88	24.465500000000002
40-41	25.2485	25.479000000000003	24.759	24.5135
42-43	25.2135	25.503999999999998	24.786	24.496499999999997
44-45	25.2445	25.41	24.916	24.4295
46-47	25.2735	25.705	24.5495	24.471999999999998
48-49	25.3425	25.489	24.526	24.642500000000002
50-51	25.0915	25.5425	24.7925	24.5735
52-53	25.595499999999998	25.463	24.3855	24.556
54-55	25.092	25.3045	24.6835	24.92
56-57	25.268	25.5375	24.69	24.5045
58-59	25.314999999999998	25.215	24.776500000000002	24.6935
60-61	24.923000000000002	25.5365	24.784	24.7565
62-63	25.069999999999997	25.482	24.749	24.698999999999998
64-65	25.3095	25.4285	24.5485	24.7135
66-67	25.392500000000002	25.172	24.6315	24.804000000000002
68-69	25.1955	25.263999999999996	24.749499999999998	24.791
70-71	25.397	25.241999999999997	24.735	24.626
72-73	25.2855	25.058000000000003	24.931	24.7255
74-75	25.1135	25.211	24.9735	24.701999999999998
76-77	25.568999999999996	25.072	24.569	24.79
78-79	25.372	25.1235	24.671499999999998	24.833
80-81	25.094499999999996	25.240499999999997	24.7855	24.8795
82-83	25.453	25.339	24.515500000000003	24.6925
84-85	25.3	25.111	24.6705	24.918499999999998
86-87	25.333	25.2585	24.523	24.8855
88-89	25.482	25.279	24.4075	24.831500000000002
90-91	25.205499999999997	25.337500000000002	24.624499999999998	24.8325
92-93	25.279	25.0795	24.724	24.9175
94-95	25.459	25.296999999999997	24.367	24.877
96-97	25.399500000000003	25.277	24.4555	24.868000000000002
98-99	25.5085	25.245	24.545	24.701500000000003
100	25.833000000000002	24.91	24.415	24.842
>>END_MODULE
>>Per sequence GC content	pass
#GC Content	Count
0	0.0
1	0.0
2	0.0
3	0.0
4	0.5
5	1.0
6	1.5
7	1.0
8	0.0
9	0.0
10	0.5
11	0.5
12	0.5
13	1.0
14	2.0
15	2.5
16	5.0
17	6.0
18	5.0
19	9.0
20	12.0
21	17.0
22	21.5
23	24.5
24	44.5
25	76.5
26	106.0
27	138.0
28	195.0
29	276.0
30	344.0
31	439.5
32	555.5
33	675.0
34	850.5
35	1027.0
36	1223.5
37	1403.5
38	1622.5
39	1844.5
40	2050.5
41	2350.5
42	2630.0
43	2886.0
44	3150.5
45	3480.5
46	3838.0
47	4063.0
48	4235.5
49	4442.0
50	4629.5
51	4698.0
52	4741.0
53	4650.0
54	4413.5
55	4182.5
56	3960.0
57	3777.5
58	3539.0
59	3249.5
60	2842.5
61	2428.5
62	2051.5
63	1666.5
64	1349.5
65	1062.0
66	814.5
67	600.0
68	422.5
69	301.5
70	198.5
71	119.0
72	75.5
73	50.0
74	33.0
75	24.5
76	20.5
77	16.0
78	7.0
79	4.5
80	4.5
81	3.0
82	1.0
83	2.0
84	2.0
85	0.5
86	0.0
87	0.0
88	0.0
89	0.0
90	0.0
91	0.0
92	0.0
93	0.0
94	0.0
95	0.0
96	0.0
97	0.0
98	0.0
99	0.0
100	0.0
>>END_MODULE
>>Per base N content	pass
#Base	N-Count
1	0.0
2	0.0
3	0.0
4	0.0
5	0.0
6	0.0
7	0.0
8	0.0
9	0.0
10-11	0.0
12-13	0.0
14-15	0.0
16-17	0.0
18-19	0.0
20-21	0.0
22-23	0.0
24-25	0.0
26-27	0.0
28-29	0.0
30-31	0.0
32-33	0.0
34-35	0.0
36-37	0.0
38-39	0.0
40-41	0.0
42-43	0.0
44-45	0.0
46-47	0.0
48-49	0.0
50-51	0.0
52-53	0.0
54-55	0.0
56-57	0.0
58-59	0.0
60-61	0.0
62-63	0.0
64-65	0.0
66-67	0.0
68-69	0.0
70-71	0.0
72-73	0.0
74-75	0.0
76-77	0.0
78-79	0.0
80-81	0.0
82-83	0.0
84-85	0.0
86-87	0.0
88-89	0.0
90-91	0.0
92-93	0.0
94-95	0.0
96-97	0.0
98-99	0.0
100	0.0
>>END_MODULE
>>Sequence Length Distribution	pass
#Length	Count
100	100000.0
>>END_MODULE
>>Sequence Duplication Levels	pass
#Total Deduplicated Percentage	91.07
#Duplication Level	Percentage of deduplicated	Percentage of total
1	93.93214011200176	85.544
2	4.606346766223783	8.39
3	0.770835620950917	2.106
4	0.2898869001866696	1.056
5	0.11968815197101132	0.545
6	0.08015812012737455	0.438
7	0.0669814428461623	0.42700000000000005
8	0.032941693203030635	0.24
9	0.03403974964313165	0.27899999999999997
>10	0.0669814428461623	0.975
>50	0.0	0.0
>100	0.0	0.0
>500	0.0	0.0
>1k	0.0	0.0
>5k	0.0	0.0
>10k+	0.0	0.0
>>END_MODULE
>>Overrepresented sequences	pass
>>END_MODULE
>>Adapter Content	pass
#Position	Illumina Universal Adapter	Illumina Small RNA 3' Adapter	Illumina Small RNA 5' Adapter	Nextera Transposase Sequence	SOLID Small RNA Adapter
1	0.0	0.0	0.0	0.0	0.0
2	0.0	0.0	0.0	0.0	0.0
3	0.0	0.0	0.0	0.0	0.0
4	0.0	0.0	0.0	0.0	0.0
5	0.0	0.0	0.0	0.0	0.0
6	0.0	0.001	0.0	0.0	0.0
7	0.0	0.001	0.0	0.0	0.0
8	0.0	0.001	0.0	0.0	0.0
9	0.0	0.001	0.0	0.0	0.0
10-11	0.0	0.001	0.0	0.0	0.0
12-13	0.0	0.001	0.0	0.0	0.0
14-15	0.0	0.001	0.0	0.0	0.0
16-17	0.0	0.001	0.0	0.0	0.0
18-19	0.0	0.001	0.0	0.0	0.0
20-21	0.0	0.001	0.0	0.0	0.0
22-23	0.0	0.001	0.0	0.0	0.0
24-25	0.0	0.001	0.0	0.0	0.0
26-27	0.0	0.001	0.0	0.0	0.0
28-29	0.0	0.001	0.0	0.0	0.0
30-31	0.0	0.001	0.0	0.0	0.0
32-33	0.0	0.001	0.0	0.0	0.0
34-35	0.0	0.001	0.0	0.0	0.0
36-37	0.0	0.001	0.0	0.0	0.0
38-39	0.0	0.001	0.0	0.0	0.0
40-41	0.0	0.001	0.0	0.0	0.0
42-43	0.0	0.001	0.0	0.0	0.0
44-45	0.0	0.001	0.0	0.0	0.0
46-47	0.0	0.001	0.0	0.0	0.0
48-49	0.0	0.001	0.0	0.0	0.0
50-51	0.0	0.001	0.0	0.0	0.0
52-53	0.0	0.001	0.0	0.0	0.0
54-55	0.0	0.001	0.0	0.0	0.0
56-57	0.0	0.001	0.0	0.0	0.0
58-59	0.0	0.001	0.0	0.0	0.0
60-61	0.0	0.001	0.0	0.0	0.0
62-63	0.0	0.001	0.0	0.0	0.0
64-65	0.0	0.001	0.0	0.0	0.0
66-67	0.0	0.001	0.0	0.0	0.0
68-69	0.0	0.001	0.0	0.0	0.0
70-71	0.0	0.001	0.0	0.0	0.0
72-73	0.0	0.001	0.0	0.0	0.0
74-75	0.0	0.001	0.0	0.0	0.0
76-77	0.0	0.001	0.0	0.0	0.0
78-79	0.0	0.001	0.0	0.0	0.0
80-81	0.0	0.001	0.0	0.0	0.0
82-83	0.0	0.001	0.0	0.0	0.0
84-85	0.0	0.001	0.0	0.0	0.0
86-87	0.0	0.001	0.0	0.0	0.0
88-89	0.0	0.001	0.0	0.0	0.0
>>END_MODULE
