##FastQC	0.11.9
>>Basic Statistics	pass
#Measure	Value
Filename	Tco-17_1.fq.gz
File type	Conventional base calls
Encoding	Sanger / Illumina 1.9
Total Sequences	100000
Sequences flagged as poor quality	0
Sequence length	100
%GC	52
>>END_MODULE
>>Per base sequence quality	pass
#Base	Mean	Median	Lower Quartile	Upper Quartile	10th Percentile	90th Percentile
1	35.61172	37.0	36.0	37.0	32.0	38.0
2	35.61448	37.0	36.0	37.0	32.0	38.0
3	35.74453	37.0	36.0	37.0	32.0	38.0
4	35.73428	37.0	36.0	37.0	32.0	38.0
5	35.75765	37.0	36.0	37.0	32.0	38.0
6	35.71409	37.0	36.0	37.0	32.0	38.0
7	35.72366	37.0	36.0	37.0	32.0	38.0
8	35.64673	37.0	36.0	37.0	32.0	38.0
9	35.64423	37.0	36.0	37.0	32.0	38.0
10-11	35.673425	37.0	36.0	37.0	32.0	38.0
12-13	35.711135	37.0	36.0	37.0	32.0	38.0
14-15	35.667035	37.0	36.0	37.0	32.0	38.0
16-17	35.609224999999995	37.0	36.0	37.0	32.0	38.0
18-19	35.621655000000004	37.0	36.0	37.0	32.0	38.0
20-21	35.61739	37.0	36.0	37.0	32.0	38.0
22-23	35.5963	37.0	36.0	37.0	32.0	38.0
24-25	35.6072	37.0	36.0	37.0	32.0	38.0
26-27	35.579404999999994	37.0	36.0	37.0	32.0	38.0
28-29	35.56742	37.0	36.0	37.0	32.0	38.0
30-31	35.568565	37.0	36.0	37.0	32.0	38.0
32-33	35.56268	37.0	36.0	37.0	32.0	38.0
34-35	35.567274999999995	37.0	36.0	37.0	32.0	38.0
36-37	35.555615	37.0	36.0	37.0	32.0	38.0
38-39	35.53636	37.0	36.0	37.0	31.5	38.0
40-41	35.498265	37.0	36.0	37.0	31.0	38.0
42-43	35.471135000000004	37.0	36.0	37.0	31.0	38.0
44-45	35.484505	37.0	36.0	37.0	31.0	38.0
46-47	35.46054	37.0	36.0	37.0	31.0	38.0
48-49	35.457355	37.0	36.0	37.0	31.0	38.0
50-51	35.43409	37.0	36.0	37.0	31.0	38.0
52-53	35.405455	37.0	36.0	37.0	31.0	38.0
54-55	35.37654	37.0	36.0	37.0	31.0	38.0
56-57	35.363365	37.0	36.0	37.0	31.0	38.0
58-59	35.327510000000004	37.0	36.0	37.0	31.0	38.0
60-61	35.29316	37.0	36.0	37.0	31.0	38.0
62-63	35.258785	37.0	36.0	37.0	31.0	38.0
64-65	35.219725	37.0	36.0	37.0	30.0	38.0
66-67	35.1796	37.0	36.0	37.0	30.0	38.0
68-69	35.153864999999996	37.0	35.0	37.0	30.0	38.0
70-71	35.115105	37.0	35.0	37.0	30.0	38.0
72-73	35.05695	37.0	35.0	37.0	30.0	38.0
74-75	35.037355000000005	37.0	35.0	37.0	30.0	38.0
76-77	34.993044999999995	37.0	35.0	37.0	29.5	38.0
78-79	34.92147	37.0	35.0	37.0	29.0	38.0
80-81	34.888295	37.0	35.0	37.0	29.0	38.0
82-83	34.826225	37.0	35.0	37.0	29.0	38.0
84-85	34.758605	37.0	35.0	37.0	29.0	38.0
86-87	34.704675	37.0	35.0	37.0	29.0	38.0
88-89	34.631815	37.0	35.0	37.0	28.0	38.0
90-91	34.595045	37.0	35.0	37.0	28.0	38.0
92-93	34.52246	37.0	35.0	37.0	28.0	38.0
94-95	34.47511	37.0	34.5	37.0	28.0	38.0
96-97	34.409994999999995	37.0	34.0	37.0	27.5	38.0
98-99	34.33714	37.0	34.0	37.0	27.0	38.0
100	34.29252	37.0	34.0	37.0	27.0	38.0
>>END_MODULE
>>Per sequence quality scores	pass
#Quality	Count
22	13.0
23	39.0
24	141.0
25	267.0
26	455.0
27	744.0
28	1159.0
29	1709.0
30	2298.0
31	3019.0
32	4094.0
33	5551.0
34	8429.0
35	16972.0
36	46164.0
37	8946.0
>>END_MODULE
>>Per base sequence content	pass
#Base	G	A	T	C
1	30.381000000000004	20.319000000000003	17.285	32.015
2	28.438999999999997	23.785999999999998	25.404	22.371
3	24.11	23.518	23.860999999999997	28.510999999999996
4	26.373	25.532	22.286	25.808999999999997
5	25.634	25.487	23.289	25.590000000000003
6	25.735000000000003	26.157000000000004	23.074	25.034
7	25.149	21.759999999999998	27.138	25.953
8	25.595000000000002	22.851	24.315	27.239
9	25.323	21.461	25.666	27.55
10-11	26.809	24.251	22.3255	26.614500000000003
12-13	26.6895	22.396	23.676	27.2385
14-15	26.154	23.422	24.207	26.217000000000002
16-17	26.264	23.691499999999998	23.9135	26.131
18-19	26.520500000000002	23.43	23.5315	26.518000000000004
20-21	26.404	23.5535	23.68	26.3625
22-23	26.387	23.238	23.703	26.672
24-25	26.4135	23.507	23.6525	26.427
26-27	26.559500000000003	23.585	23.6815	26.173999999999996
28-29	26.259500000000003	23.6895	23.6795	26.371499999999997
30-31	26.5345	23.2625	23.4765	26.726499999999998
32-33	26.669500000000003	23.232	23.7975	26.301000000000002
34-35	26.617	23.4635	23.6385	26.281
36-37	26.4835	23.233500000000003	23.685000000000002	26.598
38-39	26.382	23.4715	23.7725	26.374
40-41	26.345000000000002	23.730999999999998	23.5975	26.326500000000003
42-43	26.624	23.2195	23.7485	26.407999999999998
44-45	26.379	23.5465	23.6215	26.453
46-47	26.382499999999997	23.5065	23.6015	26.509500000000003
48-49	26.4725	23.183500000000002	23.677500000000002	26.6665
50-51	26.312	23.286	23.727500000000003	26.674500000000002
52-53	26.5185	23.5865	23.669999999999998	26.224999999999998
54-55	26.504499999999997	23.3305	23.5545	26.6105
56-57	26.526	23.363	23.742	26.369
58-59	26.5795	23.294999999999998	23.7685	26.357000000000003
60-61	26.700000000000003	23.049	24.0075	26.243499999999997
62-63	26.3565	23.4655	23.7285	26.449499999999997
64-65	26.664500000000004	23.427500000000002	23.4035	26.504499999999997
66-67	26.709500000000002	23.0785	23.6565	26.5555
68-69	26.412999999999997	23.202	23.857999999999997	26.527
70-71	26.6495	23.4675	23.730999999999998	26.151999999999997
72-73	26.6545	23.214499999999997	23.688000000000002	26.443
74-75	26.3495	23.284	23.6555	26.711000000000002
76-77	26.6735	23.4265	23.6265	26.2735
78-79	26.542500000000004	23.218	23.8445	26.395000000000003
80-81	26.1965	23.354	23.943	26.5065
82-83	26.5625	23.4715	23.596	26.369999999999997
84-85	26.5255	23.430999999999997	23.637	26.4065
86-87	26.700499999999998	23.35	23.602999999999998	26.3465
88-89	26.674	23.4825	23.6625	26.180999999999997
90-91	26.4225	23.200000000000003	23.9295	26.448
92-93	26.505499999999998	23.3675	23.660500000000003	26.4665
94-95	26.387	23.5045	23.5555	26.552999999999997
96-97	26.669999999999998	23.5825	23.4875	26.26
98-99	26.4075	23.56	23.6495	26.383000000000003
100	27.122	23.152	23.227999999999998	26.497999999999998
>>END_MODULE
>>Per sequence GC content	warn
#GC Content	Count
0	0.0
1	0.0
2	0.0
3	0.0
4	0.0
5	0.0
6	0.0
7	0.0
8	0.5
9	0.5
10	0.0
11	0.0
12	0.0
13	0.5
14	2.0
15	2.5
16	3.0
17	6.0
18	9.0
19	14.5
20	21.5
21	26.5
22	37.5
23	62.5
24	100.0
25	128.5
26	159.5
27	231.0
28	300.0
29	374.5
30	452.0
31	524.5
32	623.5
33	741.0
34	885.5
35	1013.0
36	1111.0
37	1256.5
38	1350.5
39	1463.5
40	1624.0
41	1691.0
42	1720.5
43	1809.0
44	1915.5
45	2064.0
46	2282.5
47	2460.5
48	2654.5
49	2895.5
50	3181.5
51	3546.5
52	3827.5
53	4049.0
54	4250.5
55	4434.5
56	4518.0
57	4269.0
58	4007.5
59	3834.0
60	3524.0
61	3159.0
62	2773.5
63	2477.5
64	2209.5
65	1970.0
66	1850.0
67	1685.5
68	1504.5
69	1336.0
70	1160.5
71	1005.0
72	856.0
73	692.0
74	516.0
75	387.5
76	303.0
77	211.0
78	149.0
79	101.5
80	70.5
81	42.0
82	26.0
83	24.5
84	13.0
85	5.0
86	3.0
87	2.5
88	3.0
89	1.5
90	0.0
91	0.0
92	0.0
93	0.5
94	0.5
95	0.0
96	0.0
97	0.0
98	0.0
99	0.0
100	0.5
>>END_MODULE
>>Per base N content	pass
#Base	N-Count
1	0.0
2	0.0
3	0.0
4	0.0
5	0.0
6	0.0
7	0.0
8	0.0
9	0.0
10-11	0.0
12-13	0.0
14-15	0.0
16-17	0.0
18-19	0.0
20-21	0.0
22-23	0.0
24-25	0.0
26-27	0.0
28-29	0.0
30-31	0.0
32-33	0.0
34-35	0.0
36-37	0.0
38-39	0.0
40-41	0.0
42-43	0.0
44-45	0.0
46-47	0.0
48-49	0.0
50-51	0.0
52-53	0.0
54-55	0.0
56-57	0.0
58-59	0.0
60-61	0.0
62-63	0.0
64-65	0.0
66-67	0.0
68-69	0.0
70-71	0.0
72-73	0.0
74-75	0.0
76-77	0.0
78-79	0.0
80-81	0.0
82-83	0.0
84-85	0.0
86-87	0.0
88-89	0.0
90-91	0.0
92-93	0.0
94-95	0.0
96-97	0.0
98-99	0.0
100	0.0
>>END_MODULE
>>Sequence Length Distribution	pass
#Length	Count
100	100000.0
>>END_MODULE
>>Sequence Duplication Levels	pass
#Total Deduplicated Percentage	93.06400000000001
#Duplication Level	Percentage of deduplicated	Percentage of total
1	93.41958222298634	86.94
2	6.106550330955042	11.366
3	0.3696380985128514	1.032
4	0.048353821026390444	0.18
5	0.016117940342130148	0.075
6	0.006447176136852058	0.036000000000000004
7	0.009670764205278088	0.063
8	0.005372646780710049	0.04
9	0.005372646780710049	0.045
>10	0.011819822917562107	0.167
>50	0.0010745293561420098	0.055999999999999994
>100	0.0	0.0
>500	0.0	0.0
>1k	0.0	0.0
>5k	0.0	0.0
>10k+	0.0	0.0
>>END_MODULE
>>Overrepresented sequences	pass
>>END_MODULE
>>Adapter Content	pass
#Position	Illumina Universal Adapter	Illumina Small RNA 3' Adapter	Illumina Small RNA 5' Adapter	Nextera Transposase Sequence	SOLID Small RNA Adapter
1	0.0	0.0	0.0	0.0	0.0
2	0.0	0.0	0.0	0.0	0.0
3	0.0	0.0	0.0	0.0	0.0
4	0.0	0.0	0.0	0.0	0.0
5	0.0	0.0	0.0	0.0	0.0
6	0.0	0.0	0.0	0.0	0.0
7	0.0	0.0	0.0	0.0	0.0
8	0.0	0.0	0.0	0.0	0.0
9	0.0	0.0	0.0	0.0	0.0
10-11	0.0	0.0	0.0	0.0	0.0
12-13	0.0	0.0	0.0	0.0	0.0
14-15	0.0	0.0	0.0	0.0	0.0
16-17	0.0	0.0	0.0	0.0	0.0
18-19	0.0	0.0	0.0	0.0	0.0
20-21	0.0	0.0	0.0	0.0	0.0
22-23	0.0	0.0	0.0	0.0	0.0
24-25	0.0	0.0	0.0	0.0	0.0
26-27	0.0	0.0	0.0	0.0	0.0
28-29	0.0	0.0	0.0	0.0	0.001
30-31	0.0	0.0	0.0	0.0	0.001
32-33	0.0	0.0	0.0	0.0	0.001
34-35	0.0	0.0	0.0	0.0	0.001
36-37	0.0	0.0	0.0	0.0	0.001
38-39	0.0	0.0	0.0	0.0	0.001
40-41	0.0	0.0	0.0	0.0	0.002
42-43	0.0	0.0	0.0	0.0	0.0025
44-45	0.0	0.0	0.0	0.0	0.003
46-47	0.0	0.0	0.0	0.0	0.003
48-49	0.0	0.0	0.0	0.0	0.003
50-51	0.0	0.0	0.0	0.0	0.003
52-53	0.0	0.0	0.0	0.0	0.003
54-55	0.0	0.0	0.0	0.0	0.003
56-57	0.0	0.0	0.0	0.0	0.003
58-59	0.0	0.0	0.0	0.0	0.003
60-61	0.0	0.0	0.0	0.0	0.003
62-63	0.0	0.0	0.0	0.0	0.003
64-65	0.0	0.0	0.0	0.0	0.003
66-67	0.0	0.0	0.0	0.0	0.003
68-69	0.0	0.0	0.0	0.0	0.003
70-71	0.0	0.0	0.0	0.0	0.003
72-73	0.0	0.0	0.0	0.0	0.003
74-75	0.0	0.0	0.0	0.0	0.003
76-77	0.0	0.0	0.0	0.0	0.003
78-79	0.0	0.0	0.0	0.0	0.003
80-81	0.0	0.0	0.0	0.0	0.003
82-83	0.0	0.0	0.0	0.0	0.003
84-85	0.0	0.0	0.0	0.0	0.003
86-87	0.0	0.0	0.0	0.0	0.003
88-89	0.0	0.0	0.0	0.0	0.003
>>END_MODULE
