##FastQC	0.11.9
>>Basic Statistics	pass
#Measure	Value
Filename	Tco-549_1.fq.gz
File type	Conventional base calls
Encoding	Sanger / Illumina 1.9
Total Sequences	100000
Sequences flagged as poor quality	0
Sequence length	100
%GC	49
>>END_MODULE
>>Per base sequence quality	pass
#Base	Mean	Median	Lower Quartile	Upper Quartile	10th Percentile	90th Percentile
1	34.81111	37.0	35.0	37.0	29.0	37.0
2	35.08208	37.0	35.0	37.0	30.0	38.0
3	35.32638	37.0	36.0	37.0	31.0	38.0
4	35.33715	37.0	36.0	37.0	31.0	38.0
5	35.39042	37.0	36.0	37.0	31.0	38.0
6	35.3869	37.0	36.0	37.0	31.0	38.0
7	35.44172	37.0	36.0	37.0	31.0	38.0
8	35.40349	37.0	36.0	37.0	31.0	38.0
9	35.4461	37.0	36.0	37.0	31.0	38.0
10-11	35.3605	37.0	36.0	37.0	31.0	38.0
12-13	35.458985	37.0	36.0	37.0	31.0	38.0
14-15	35.416395	37.0	36.0	37.0	31.0	38.0
16-17	35.346585	37.0	36.0	37.0	31.0	38.0
18-19	35.333625	37.0	36.0	37.0	31.0	38.0
20-21	35.34673	37.0	36.0	37.0	31.0	38.0
22-23	35.32433	37.0	36.0	37.0	31.0	38.0
24-25	35.355935	37.0	36.0	37.0	31.0	38.0
26-27	35.28056	37.0	36.0	37.0	31.0	38.0
28-29	35.3519	37.0	36.0	37.0	31.0	38.0
30-31	35.29168	37.0	36.0	37.0	31.0	38.0
32-33	35.276035	37.0	36.0	37.0	31.0	38.0
34-35	35.306925	37.0	36.0	37.0	31.0	38.0
36-37	35.282915	37.0	36.0	37.0	31.0	38.0
38-39	35.27176	37.0	36.0	37.0	31.0	38.0
40-41	35.20555	37.0	36.0	37.0	30.5	38.0
42-43	35.24839	37.0	36.0	37.0	31.0	38.0
44-45	35.23553	37.0	36.0	37.0	31.0	38.0
46-47	35.258615	37.0	36.0	37.0	31.0	38.0
48-49	35.240355	37.0	36.0	37.0	31.0	38.0
50-51	35.12936	37.0	35.0	37.0	30.0	38.0
52-53	35.117000000000004	37.0	35.0	37.0	30.0	38.0
54-55	35.12056	37.0	35.0	37.0	30.0	38.0
56-57	35.05158	37.0	35.0	37.0	30.0	38.0
58-59	35.0944	37.0	35.0	37.0	30.0	38.0
60-61	35.06264	37.0	35.0	37.0	30.0	38.0
62-63	35.080209999999994	37.0	35.0	37.0	30.0	38.0
64-65	34.982105000000004	37.0	35.0	37.0	29.5	38.0
66-67	35.00968	37.0	35.0	37.0	30.0	38.0
68-69	34.999065	37.0	35.0	37.0	30.0	38.0
70-71	34.94637	37.0	35.0	37.0	30.0	38.0
72-73	34.905675	37.0	35.0	37.0	29.0	38.0
74-75	34.831195	37.0	35.0	37.0	29.0	38.0
76-77	34.822385	37.0	35.0	37.0	29.0	38.0
78-79	34.800844999999995	37.0	35.0	37.0	29.0	38.0
80-81	34.72546	37.0	35.0	37.0	29.0	38.0
82-83	34.652315	37.0	35.0	37.0	28.5	38.0
84-85	34.65683	37.0	35.0	37.0	28.5	38.0
86-87	34.585335	37.0	35.0	37.0	28.0	38.0
88-89	34.57339	37.0	35.0	37.0	28.0	38.0
90-91	34.49302	37.0	34.5	37.0	28.0	38.0
92-93	34.426935	37.0	34.0	37.0	28.0	38.0
94-95	34.419185	37.0	34.0	37.0	28.0	38.0
96-97	34.387060000000005	37.0	34.0	37.0	28.0	38.0
98-99	34.31089	37.0	34.0	37.0	27.0	38.0
100	34.25277	37.0	34.0	37.0	27.0	38.0
>>END_MODULE
>>Per sequence quality scores	pass
#Quality	Count
21	3.0
22	16.0
23	68.0
24	153.0
25	284.0
26	541.0
27	838.0
28	1298.0
29	1787.0
30	2561.0
31	3417.0
32	4557.0
33	6487.0
34	9830.0
35	19466.0
36	44608.0
37	4086.0
>>END_MODULE
>>Per base sequence content	fail
#Base	G	A	T	C
1	41.766	11.811	8.676	37.747
2	27.975	17.824	36.059000000000005	18.142
3	23.541999999999998	21.447	23.182	31.829
4	27.62	29.796	20.926000000000002	21.658
5	24.683	30.447000000000003	24.339	20.531
6	20.380000000000003	32.998	27.205000000000002	19.417
7	19.883	17.04	40.781	22.296
8	23.089000000000002	21.908	28.662	26.340999999999998
9	22.828	20.97	30.159999999999997	26.041999999999998
10-11	25.2865	29.208499999999997	21.58	23.925
12-13	24.072499999999998	23.028000000000002	28.2055	24.694
14-15	23.8455	25.141000000000002	26.949499999999997	24.064
16-17	25.113999999999997	24.662	25.999	24.224999999999998
18-19	24.993000000000002	24.8355	25.53	24.6415
20-21	25.095	25.2135	25.355	24.3365
22-23	25.064500000000002	25.206	25.0965	24.633
24-25	25.219	24.934	25.154	24.693
26-27	24.712999999999997	25.148	25.52	24.619
28-29	24.826999999999998	25.161	25.301499999999997	24.7105
30-31	25.0005	24.85	25.251	24.898500000000002
32-33	24.7385	25.1045	25.461	24.696
34-35	25.1905	24.8635	25.112499999999997	24.8335
36-37	24.85	24.9505	25.444	24.7555
38-39	24.945999999999998	24.982	25.282	24.79
40-41	25.063999999999997	24.820999999999998	25.1785	24.9365
42-43	24.935	24.9135	25.215	24.9365
44-45	24.803	25.1135	25.247999999999998	24.8355
46-47	25.183	25.081999999999997	25.022499999999997	24.712500000000002
48-49	24.705	24.8395	25.263	25.192500000000003
50-51	24.8055	24.692	25.552000000000003	24.9505
52-53	25.2255	24.572	25.233	24.9695
54-55	25.0085	24.757	25.006	25.228499999999997
56-57	24.986	24.829	25.171	25.013999999999996
58-59	25.1935	24.7515	25.040499999999998	25.0145
60-61	24.9515	24.624499999999998	25.244	25.180000000000003
62-63	25.0755	24.7635	25.1585	25.0025
64-65	25.308500000000002	24.7945	24.8095	25.087500000000002
66-67	25.291000000000004	24.5835	24.828	25.2975
68-69	25.0295	24.7075	25.367	24.895999999999997
70-71	25.1285	24.4935	25.3685	25.009500000000003
72-73	25.241999999999997	24.2395	25.1785	25.34
74-75	24.925	24.3385	25.534000000000002	25.2025
76-77	25.0505	24.535	25.174000000000003	25.240499999999997
78-79	25.230999999999998	24.447	25.0845	25.2375
80-81	24.871	24.767500000000002	25.405	24.956500000000002
82-83	25.3525	24.553	25.079	25.015500000000003
84-85	25.0535	24.3895	25.3405	25.216499999999996
86-87	24.9835	24.359	25.453500000000002	25.203999999999997
88-89	25.077500000000004	24.7315	25.118499999999997	25.072499999999998
90-91	24.892500000000002	24.5595	25.088	25.46
92-93	25.0355	24.383	25.424000000000003	25.1575
94-95	25.3675	24.6545	24.973	25.005
96-97	25.197000000000003	24.4945	24.984	25.3245
98-99	25.192500000000003	24.727	24.876	25.204500000000003
100	25.369000000000003	24.571	24.983	25.076999999999998
>>END_MODULE
>>Per sequence GC content	pass
#GC Content	Count
0	0.0
1	0.0
2	0.0
3	0.0
4	0.0
5	0.0
6	0.0
7	0.5
8	0.5
9	0.5
10	0.5
11	0.5
12	1.0
13	0.5
14	0.5
15	1.0
16	1.5
17	3.5
18	6.0
19	8.0
20	10.0
21	14.5
22	20.0
23	30.5
24	52.0
25	72.5
26	88.5
27	127.5
28	192.0
29	247.5
30	315.5
31	411.5
32	531.5
33	631.0
34	758.5
35	929.5
36	1120.0
37	1266.0
38	1411.5
39	1663.5
40	1935.5
41	2182.5
42	2497.0
43	2855.0
44	3160.0
45	3515.0
46	3686.5
47	3954.5
48	4456.5
49	4643.0
50	4838.5
51	4984.0
52	4839.0
53	4740.5
54	4716.5
55	4544.0
56	4270.0
57	3991.5
58	3684.5
59	3287.5
60	2849.5
61	2499.0
62	2083.0
63	1613.0
64	1247.0
65	971.5
66	698.0
67	476.0
68	311.5
69	202.0
70	136.5
71	75.5
72	45.0
73	33.5
74	22.0
75	16.5
76	8.0
77	2.5
78	2.5
79	1.5
80	2.0
81	2.5
82	1.0
83	0.5
84	0.5
85	0.0
86	0.0
87	0.0
88	0.0
89	0.0
90	0.0
91	0.0
92	0.0
93	0.0
94	0.0
95	0.0
96	0.0
97	0.0
98	0.0
99	0.0
100	0.0
>>END_MODULE
>>Per base N content	pass
#Base	N-Count
1	0.0
2	0.0
3	0.0
4	0.0
5	0.0
6	0.0
7	0.0
8	0.0
9	0.0
10-11	0.0
12-13	0.0
14-15	0.0
16-17	0.0
18-19	0.0
20-21	0.0
22-23	0.0
24-25	0.0
26-27	0.0
28-29	0.0
30-31	0.0
32-33	0.0
34-35	0.0
36-37	0.0
38-39	0.0
40-41	0.0
42-43	0.0
44-45	0.0
46-47	0.0
48-49	0.0
50-51	0.0
52-53	0.0
54-55	0.0
56-57	0.0
58-59	0.0
60-61	0.0
62-63	0.0
64-65	0.0
66-67	0.0
68-69	0.0
70-71	0.0
72-73	0.0
74-75	0.0
76-77	0.0
78-79	0.0
80-81	0.0
82-83	0.0
84-85	0.0
86-87	0.0
88-89	0.0
90-91	0.0
92-93	0.0
94-95	0.0
96-97	0.0
98-99	0.0
100	0.0
>>END_MODULE
>>Sequence Length Distribution	pass
#Length	Count
100	100000.0
>>END_MODULE
>>Sequence Duplication Levels	pass
#Total Deduplicated Percentage	91.804
#Duplication Level	Percentage of deduplicated	Percentage of total
1	95.16360942878306	87.364
2	3.576096902095769	6.566
3	0.6067273757134766	1.6709999999999998
4	0.25162302296196243	0.924
5	0.1089277155679491	0.5
6	0.06862446080780793	0.378
7	0.041392531915820666	0.266
8	0.03158903751470524	0.232
9	0.0359461461374232	0.297
>10	0.11110626987930808	1.5599999999999998
>50	0.004357108622717964	0.242
>100	0.0	0.0
>500	0.0	0.0
>1k	0.0	0.0
>5k	0.0	0.0
>10k+	0.0	0.0
>>END_MODULE
>>Overrepresented sequences	pass
>>END_MODULE
>>Adapter Content	pass
#Position	Illumina Universal Adapter	Illumina Small RNA 3' Adapter	Illumina Small RNA 5' Adapter	Nextera Transposase Sequence	SOLID Small RNA Adapter
1	0.0	0.0	0.0	0.0	0.0
2	0.0	0.0	0.0	0.0	0.0
3	0.0	0.0	0.0	0.0	0.0
4	0.0	0.0	0.0	0.0	0.0
5	0.0	0.0	0.0	0.0	0.0
6	0.0	0.0	0.0	0.0	0.0
7	0.0	0.0	0.0	0.0	0.0
8	0.0	0.0	0.0	0.0	0.0
9	0.0	0.0	0.0	0.0	0.0
10-11	0.0	0.0	0.0	0.0	0.0
12-13	0.0	0.0	0.0	0.0	0.0
14-15	0.0	0.0	0.0	0.0	0.0
16-17	0.0	0.0	0.0	0.0	0.0
18-19	0.0	0.0	0.0	0.0	0.0
20-21	0.0	0.0	0.0	0.0	0.0
22-23	0.0	0.0	0.0	0.0	0.0
24-25	0.0	0.0	0.0	0.0	0.0
26-27	0.0	0.0	0.0	0.0	0.0
28-29	0.0	0.0	0.0	0.0	0.0
30-31	0.0	0.0	0.0	0.0	0.0
32-33	0.0	0.0	0.0	0.0	0.0
34-35	0.0	0.0	0.0	0.0	0.0
36-37	0.0	0.0	0.0	0.0	0.0
38-39	0.0	0.0	0.0	0.0	0.0
40-41	0.0	0.0	0.0	0.0	0.0
42-43	0.0	0.0	0.0	0.0	0.0
44-45	0.0	0.0	0.0	0.0	0.0
46-47	0.0	0.0	0.0	0.0	0.0
48-49	0.0	0.0	0.0	0.0	0.0
50-51	0.0	0.0	0.0	0.0	0.0
52-53	0.0	0.0	0.0	0.0	0.0
54-55	0.0	0.0	0.0	0.0	0.0
56-57	0.0	0.0	0.0	0.0	0.0
58-59	0.0	0.0	0.0	0.0	0.0
60-61	0.0	0.0	0.0	0.0	0.0
62-63	0.0	0.0	0.0	0.0	0.0
64-65	0.0	0.0	0.0	0.0	0.0
66-67	0.0	0.0	0.0	0.0	0.0
68-69	0.0	0.0	0.0	0.0	0.0
70-71	0.0	0.0	0.0	0.0	0.0
72-73	0.0	0.0	0.0	0.0	0.0
74-75	0.0	0.0	0.0	0.0	0.0
76-77	0.0	0.0	0.0	0.0	0.0
78-79	0.0	0.0	0.0	0.0	0.0
80-81	0.0	0.0	0.0	0.0	0.0
82-83	0.0	0.0	0.0	0.0	0.0
84-85	0.0	0.0	0.0	0.0	0.0
86-87	0.0	0.0	0.0	0.0	0.0
88-89	0.0	0.0	0.0	0.0	0.0
>>END_MODULE
