##FastQC	0.11.9
>>Basic Statistics	pass
#Measure	Value
Filename	Tco-596_1.fq.gz
File type	Conventional base calls
Encoding	Sanger / Illumina 1.9
Total Sequences	100000
Sequences flagged as poor quality	0
Sequence length	100
%GC	49
>>END_MODULE
>>Per base sequence quality	pass
#Base	Mean	Median	Lower Quartile	Upper Quartile	10th Percentile	90th Percentile
1	34.94127	37.0	35.0	37.0	29.0	37.0
2	35.23859	37.0	36.0	37.0	30.0	38.0
3	35.4468	37.0	36.0	37.0	31.0	38.0
4	35.49325	37.0	36.0	37.0	31.0	38.0
5	35.49988	37.0	36.0	37.0	31.0	38.0
6	35.48409	37.0	36.0	37.0	31.0	38.0
7	35.54206	37.0	36.0	37.0	32.0	38.0
8	35.57595	37.0	36.0	37.0	32.0	38.0
9	35.54617	37.0	36.0	37.0	31.0	38.0
10-11	35.473165	37.0	36.0	37.0	31.0	38.0
12-13	35.555215000000004	37.0	36.0	37.0	32.0	38.0
14-15	35.53599	37.0	36.0	37.0	31.5	38.0
16-17	35.432280000000006	37.0	36.0	37.0	31.0	38.0
18-19	35.38070999999999	37.0	36.0	37.0	31.0	38.0
20-21	35.479665	37.0	36.0	37.0	31.0	38.0
22-23	35.448570000000004	37.0	36.0	37.0	31.0	38.0
24-25	35.460905	37.0	36.0	37.0	31.0	38.0
26-27	35.43585	37.0	36.0	37.0	31.0	38.0
28-29	35.456385	37.0	36.0	37.0	31.0	38.0
30-31	35.40921	37.0	36.0	37.0	31.0	38.0
32-33	35.410965000000004	37.0	36.0	37.0	31.0	38.0
34-35	35.395855	37.0	36.0	37.0	31.0	38.0
36-37	35.40615	37.0	36.0	37.0	31.0	38.0
38-39	35.381315	37.0	36.0	37.0	31.0	38.0
40-41	35.35208	37.0	36.0	37.0	31.0	38.0
42-43	35.3675	37.0	36.0	37.0	31.0	38.0
44-45	35.356224999999995	37.0	36.0	37.0	31.0	38.0
46-47	35.357079999999996	37.0	36.0	37.0	31.0	38.0
48-49	35.310305	37.0	36.0	37.0	31.0	38.0
50-51	35.22842	37.0	36.0	37.0	30.5	38.0
52-53	35.24185	37.0	36.0	37.0	31.0	38.0
54-55	35.21297	37.0	36.0	37.0	30.0	38.0
56-57	35.188955	37.0	35.5	37.0	30.5	38.0
58-59	35.209345	37.0	35.5	37.0	30.5	38.0
60-61	35.140935	37.0	35.0	37.0	30.0	38.0
62-63	35.19424	37.0	36.0	37.0	30.0	38.0
64-65	35.05948	37.0	35.0	37.0	30.0	38.0
66-67	35.109395	37.0	35.0	37.0	30.0	38.0
68-69	35.074355	37.0	35.0	37.0	30.0	38.0
70-71	35.027204999999995	37.0	35.0	37.0	30.0	38.0
72-73	35.01316	37.0	35.0	37.0	30.0	38.0
74-75	34.912135	37.0	35.0	37.0	29.5	38.0
76-77	34.90155	37.0	35.0	37.0	29.0	38.0
78-79	34.885605	37.0	35.0	37.0	29.0	38.0
80-81	34.8321	37.0	35.0	37.0	29.0	38.0
82-83	34.79092	37.0	35.0	37.0	29.0	38.0
84-85	34.755444999999995	37.0	35.0	37.0	29.0	38.0
86-87	34.750085	37.0	35.0	37.0	29.0	38.0
88-89	34.68922	37.0	35.0	37.0	28.5	38.0
90-91	34.6214	37.0	35.0	37.0	28.0	38.0
92-93	34.5661	37.0	34.5	37.0	28.5	38.0
94-95	34.532615	37.0	34.5	37.0	28.0	38.0
96-97	34.490375	37.0	34.0	37.0	28.0	38.0
98-99	34.429715	37.0	34.0	37.0	28.0	38.0
100	34.38094	37.0	34.0	37.0	28.0	38.0
>>END_MODULE
>>Per sequence quality scores	pass
#Quality	Count
22	6.0
23	50.0
24	126.0
25	239.0
26	458.0
27	720.0
28	1134.0
29	1756.0
30	2309.0
31	3265.0
32	4172.0
33	6181.0
34	9237.0
35	19335.0
36	46600.0
37	4412.0
>>END_MODULE
>>Per base sequence content	fail
#Base	G	A	T	C
1	42.54	11.732	9.49	36.238
2	28.482000000000003	17.891000000000002	35.617	18.01
3	24.792	21.471	22.716	31.020999999999997
4	28.508	29.406	20.599999999999998	21.486
5	24.987000000000002	30.484	23.787	20.742
6	20.811	33.215	26.439	19.535
7	19.994	16.896	40.577999999999996	22.532
8	23.753	22.214	28.096	25.936999999999998
9	23.175	21.337	29.78	25.708
10-11	25.108999999999998	29.489500000000003	21.432000000000002	23.9695
12-13	24.1385	23.238500000000002	28.0075	24.6155
14-15	23.992	25.1575	26.8615	23.989
16-17	25.188	24.768	26.031	24.013
18-19	24.7555	24.9375	25.660500000000003	24.6465
20-21	24.9045	25.0755	25.558500000000002	24.4615
22-23	25.057499999999997	25.2195	25.215500000000002	24.5075
24-25	25.088	24.9885	25.442500000000003	24.481
26-27	24.818	25.161499999999997	25.369500000000002	24.651
28-29	25.002000000000002	24.8255	25.409	24.7635
30-31	25.068	25.017	25.202999999999996	24.712
32-33	24.9205	25.095499999999998	25.2915	24.6925
34-35	25.0965	24.7755	25.261499999999998	24.8665
36-37	24.915000000000003	24.877	25.566499999999998	24.6415
38-39	24.9945	24.9995	25.333	24.673000000000002
40-41	25.167499999999997	24.519	25.4965	24.817
42-43	24.959500000000002	24.741	25.240499999999997	25.058999999999997
44-45	24.8915	24.761	25.529000000000003	24.8185
46-47	25.062	24.796499999999998	25.247500000000002	24.894
48-49	24.781	24.708	25.3425	25.168499999999998
50-51	24.6935	24.5555	25.532500000000002	25.2185
52-53	25.233	24.432000000000002	25.4645	24.8705
54-55	24.884999999999998	24.596999999999998	25.267	25.251
56-57	24.752499999999998	24.621499999999997	25.554	25.072
58-59	25.15	24.5065	25.4415	24.901999999999997
60-61	24.866	24.6195	25.383	25.131500000000003
62-63	24.9205	24.736	25.397	24.9465
64-65	24.961	24.5355	25.449500000000004	25.054
66-67	24.909	24.563499999999998	25.3525	25.174999999999997
68-69	24.935499999999998	24.566	25.460500000000003	25.038
70-71	25.4405	24.3725	25.3	24.887
72-73	25.001	24.346	25.4455	25.2075
74-75	24.9975	24.374499999999998	25.511499999999998	25.116500000000002
76-77	25.1475	24.3945	25.354	25.104
78-79	25.088500000000003	24.426000000000002	25.2925	25.192999999999998
80-81	24.926499999999997	24.5505	25.5135	25.009500000000003
82-83	25.09	24.3485	25.413000000000004	25.148500000000002
84-85	24.9985	24.031	25.9395	25.031
86-87	24.560499999999998	24.486	25.846000000000004	25.107499999999998
88-89	24.770500000000002	24.5065	25.5385	25.1845
90-91	24.829	24.456500000000002	25.3665	25.348
92-93	25.117	24.2015	25.69	24.9915
94-95	25.139499999999998	24.6125	25.016	25.232
96-97	25.084	24.3995	25.412000000000003	25.1045
98-99	25.0615	24.5165	25.212	25.21
100	25.283	24.329	24.998	25.39
>>END_MODULE
>>Per sequence GC content	pass
#GC Content	Count
0	0.0
1	0.0
2	0.0
3	0.0
4	0.0
5	0.0
6	0.0
7	0.5
8	0.5
9	0.5
10	0.5
11	0.5
12	1.0
13	1.0
14	1.0
15	0.5
16	1.5
17	4.0
18	7.0
19	11.5
20	15.5
21	24.5
22	30.0
23	33.0
24	53.5
25	69.5
26	94.5
27	149.5
28	201.5
29	267.5
30	352.0
31	434.0
32	501.5
33	633.5
34	804.0
35	936.0
36	1138.5
37	1334.5
38	1520.5
39	1720.5
40	1944.0
41	2236.5
42	2553.0
43	2844.5
44	3132.0
45	3437.0
46	3719.5
47	4060.0
48	4434.0
49	4669.5
50	4762.0
51	4831.5
52	4785.0
53	4690.5
54	4600.5
55	4344.5
56	4073.0
57	3826.5
58	3618.5
59	3294.0
60	2889.0
61	2575.0
62	2170.5
63	1738.0
64	1304.5
65	967.5
66	754.0
67	502.0
68	307.0
69	208.5
70	136.5
71	91.5
72	49.5
73	34.5
74	25.5
75	16.5
76	12.5
77	7.5
78	3.0
79	1.5
80	2.5
81	1.5
82	0.5
83	0.5
84	0.5
85	0.0
86	0.0
87	0.0
88	0.0
89	0.0
90	0.0
91	0.0
92	0.0
93	0.0
94	0.0
95	0.0
96	0.0
97	0.0
98	0.0
99	0.0
100	0.0
>>END_MODULE
>>Per base N content	pass
#Base	N-Count
1	0.0
2	0.0
3	0.0
4	0.0
5	0.0
6	0.0
7	0.0
8	0.0
9	0.0
10-11	0.0
12-13	0.0
14-15	0.0
16-17	0.0
18-19	0.0
20-21	0.0
22-23	0.0
24-25	0.0
26-27	0.0
28-29	0.0
30-31	0.0
32-33	0.0
34-35	0.0
36-37	0.0
38-39	0.0
40-41	0.0
42-43	0.0
44-45	0.0
46-47	0.0
48-49	0.0
50-51	0.0
52-53	0.0
54-55	0.0
56-57	0.0
58-59	0.0
60-61	0.0
62-63	0.0
64-65	0.0
66-67	0.0
68-69	0.0
70-71	0.0
72-73	0.0
74-75	0.0
76-77	0.0
78-79	0.0
80-81	0.0
82-83	0.0
84-85	0.0
86-87	0.0
88-89	0.0
90-91	0.0
92-93	0.0
94-95	0.0
96-97	0.0
98-99	0.0
100	0.0
>>END_MODULE
>>Sequence Length Distribution	pass
#Length	Count
100	100000.0
>>END_MODULE
>>Sequence Duplication Levels	pass
#Total Deduplicated Percentage	90.494
#Duplication Level	Percentage of deduplicated	Percentage of total
1	94.79302495193052	85.782
2	3.7019028885892986	6.7
3	0.7105443454814684	1.9290000000000003
4	0.26963113576590714	0.976
5	0.1646518001193449	0.745
6	0.07845824032532545	0.426
7	0.05304219064247354	0.336
8	0.047516962450549205	0.344
9	0.02431100404446704	0.198
>10	0.15139125245872653	2.196
>50	0.005525228191924326	0.368
>100	0.0	0.0
>500	0.0	0.0
>1k	0.0	0.0
>5k	0.0	0.0
>10k+	0.0	0.0
>>END_MODULE
>>Overrepresented sequences	pass
>>END_MODULE
>>Adapter Content	pass
#Position	Illumina Universal Adapter	Illumina Small RNA 3' Adapter	Illumina Small RNA 5' Adapter	Nextera Transposase Sequence	SOLID Small RNA Adapter
1	0.0	0.0	0.0	0.0	0.0
2	0.0	0.0	0.0	0.0	0.0
3	0.0	0.0	0.0	0.0	0.0
4	0.0	0.0	0.0	0.0	0.0
5	0.0	0.0	0.0	0.0	0.0
6	0.0	0.0	0.0	0.0	0.0
7	0.0	0.0	0.0	0.0	0.0
8	0.0	0.0	0.0	0.0	0.0
9	0.0	0.0	0.0	0.0	0.0
10-11	0.0	0.0	0.0	0.0	0.0
12-13	0.0	0.0	0.0	0.0	0.0
14-15	0.0	0.0	0.0	0.0	0.0
16-17	0.0	0.0	0.0	0.0	0.0
18-19	0.0	0.0	0.0	0.0	0.0
20-21	0.0	0.0	0.0	0.0	0.0
22-23	0.0	0.0	0.0	0.0	0.0
24-25	0.0	0.0	0.0	0.0	0.0
26-27	0.0	0.0	0.0	0.0	0.0
28-29	0.0	0.0	0.0	0.0	0.0
30-31	0.0	0.0	0.0	0.0	0.0
32-33	0.0	0.0	0.0	0.0	0.0
34-35	0.0	0.0	0.0	0.0	0.0
36-37	0.0	0.0	0.0	0.0	0.0
38-39	0.0	0.0	0.0	0.0	0.0
40-41	0.0	0.0	0.0	0.0	0.0
42-43	0.0	0.0	0.0	0.0	0.0
44-45	0.0	0.0	0.0	0.0	0.0
46-47	0.0	0.0	0.0	0.0	0.0
48-49	0.0	0.0	0.0	0.0	0.0
50-51	0.0	0.0	0.0	0.0	0.0
52-53	0.0	0.0	0.0	0.0	0.0
54-55	0.0	0.0	0.0	0.0	0.0
56-57	0.0	0.0	0.0	0.0	0.0
58-59	0.0	0.0	0.0	0.0	0.0
60-61	0.0	0.0	0.0	0.0	0.0
62-63	0.0	0.0	0.0	0.0	0.0
64-65	0.0	0.0	0.0	0.0	0.0
66-67	0.0	0.0	0.0	0.0	0.0
68-69	0.0	0.0	0.0	0.0	0.0
70-71	0.0	0.0	0.0	0.0	0.0
72-73	0.0	0.0	0.0	0.0	0.0
74-75	0.0	0.0	0.0	0.0	0.0
76-77	0.0	0.0	0.0	0.0	0.0
78-79	0.0	0.0	0.0	0.0	0.0
80-81	0.0	0.0	0.0	0.0	0.0
82-83	0.0	0.0	0.0	0.0	0.0
84-85	0.0	0.0	0.0	0.0	0.0
86-87	0.0	0.0	0.0	0.0	0.0
88-89	0.0	0.0	0.0	0.0	0.0
>>END_MODULE
