##FastQC	0.11.9
>>Basic Statistics	pass
#Measure	Value
Filename	Tco-503_2.fq.gz
File type	Conventional base calls
Encoding	Sanger / Illumina 1.9
Total Sequences	100000
Sequences flagged as poor quality	0
Sequence length	100
%GC	50
>>END_MODULE
>>Per base sequence quality	pass
#Base	Mean	Median	Lower Quartile	Upper Quartile	10th Percentile	90th Percentile
1	35.12472	37.0	36.0	37.0	30.0	37.0
2	35.13344	37.0	36.0	37.0	30.0	37.0
3	35.28945	37.0	36.0	37.0	31.0	38.0
4	35.25819	37.0	36.0	37.0	31.0	38.0
5	35.19317	37.0	36.0	37.0	31.0	38.0
6	35.07596	37.0	35.0	37.0	30.0	38.0
7	35.136	37.0	35.0	37.0	30.0	38.0
8	35.19291	37.0	36.0	37.0	30.0	38.0
9	35.12627	37.0	35.0	37.0	30.0	38.0
10-11	35.09547	37.0	35.0	37.0	30.0	38.0
12-13	35.12487	37.0	35.0	37.0	30.0	38.0
14-15	35.06273	37.0	35.0	37.0	30.0	38.0
16-17	35.044669999999996	37.0	35.0	37.0	30.0	38.0
18-19	35.027615	37.0	35.0	37.0	30.0	38.0
20-21	34.9604	37.0	35.0	37.0	30.0	38.0
22-23	34.953845	37.0	35.0	37.0	30.0	38.0
24-25	34.907775	37.0	35.0	37.0	29.5	38.0
26-27	34.887215	37.0	35.0	37.0	29.0	38.0
28-29	34.848124999999996	37.0	35.0	37.0	29.0	38.0
30-31	34.80395	37.0	35.0	37.0	29.0	38.0
32-33	34.76281	37.0	35.0	37.0	29.0	38.0
34-35	34.749555	37.0	35.0	37.0	29.0	38.0
36-37	34.717240000000004	37.0	35.0	37.0	29.0	38.0
38-39	34.644125	37.0	35.0	37.0	29.0	38.0
40-41	34.638425	37.0	35.0	37.0	28.5	38.0
42-43	34.53479	37.0	35.0	37.0	28.0	38.0
44-45	34.504194999999996	37.0	35.0	37.0	28.0	38.0
46-47	34.469894999999994	37.0	34.5	37.0	28.0	38.0
48-49	34.354415	37.0	34.0	37.0	27.5	38.0
50-51	34.336240000000004	37.0	34.0	37.0	27.5	38.0
52-53	34.275265	37.0	34.0	37.0	27.0	38.0
54-55	34.238365	37.0	34.0	37.0	27.0	38.0
56-57	34.18042	37.0	34.0	37.0	27.0	38.0
58-59	34.155825	37.0	34.0	37.0	27.0	38.0
60-61	34.02758	37.0	34.0	37.0	26.5	38.0
62-63	33.943525	37.0	34.0	37.0	26.0	38.0
64-65	33.908485	37.0	33.5	37.0	26.0	38.0
66-67	33.89829	37.0	33.0	37.0	26.0	38.0
68-69	33.73707	37.0	33.0	37.0	25.5	38.0
70-71	33.673365000000004	37.0	33.0	37.0	25.0	38.0
72-73	33.64629	37.0	33.0	37.0	25.0	38.0
74-75	33.603425	37.0	33.0	37.0	25.0	38.0
76-77	33.4401	36.0	33.0	37.0	24.0	38.0
78-79	33.396495	36.0	32.5	37.0	24.0	38.0
80-81	33.30745	36.0	32.0	37.0	24.0	38.0
82-83	33.210035	36.0	32.0	37.0	24.0	38.0
84-85	33.109605	36.0	32.0	37.0	23.0	38.0
86-87	32.99947	36.0	32.0	37.0	23.0	37.0
88-89	32.932215	36.0	32.0	37.0	23.0	37.0
90-91	32.803574999999995	36.0	31.0	37.0	22.0	37.0
92-93	32.717335	36.0	31.0	37.0	22.0	37.0
94-95	32.67066	36.0	31.0	37.0	22.0	37.0
96-97	32.519095	36.0	31.0	37.0	21.5	37.0
98-99	32.40187	36.0	31.0	37.0	21.0	37.0
100	32.27541	36.0	30.0	37.0	21.0	37.0
>>END_MODULE
>>Per sequence quality scores	pass
#Quality	Count
21	16.0
22	166.0
23	422.0
24	861.0
25	1192.0
26	1370.0
27	1701.0
28	2146.0
29	2727.0
30	3273.0
31	4428.0
32	6016.0
33	8378.0
34	13139.0
35	22561.0
36	30053.0
37	1551.0
>>END_MODULE
>>Per base sequence content	fail
#Base	G	A	T	C
1	41.455999999999996	12.492	9.056000000000001	36.996
2	28.671999999999997	18.453	34.323	18.552
3	24.462	22.232	22.242	31.064000000000004
4	27.694999999999997	30.434	20.197000000000003	21.674
5	24.63	31.281	23.573	20.516000000000002
6	20.996000000000002	33.633	25.96	19.411
7	20.515	17.054	40.058	22.373
8	23.751	22.107	27.777	26.365
9	23.582	21.257	29.552	25.608999999999998
10-11	25.5625	29.415999999999997	21.166	23.8555
12-13	24.627499999999998	23.2475	27.5555	24.569499999999998
14-15	24.2445	25.398	26.21	24.1475
16-17	25.3675	24.9635	25.544	24.125
18-19	25.201	25.2985	25.009999999999998	24.4905
20-21	25.263999999999996	25.423499999999997	24.9395	24.373
22-23	25.378	25.515500000000003	24.6555	24.451
24-25	25.192999999999998	25.5015	24.8365	24.468999999999998
26-27	25.093500000000002	25.595499999999998	24.8025	24.508499999999998
28-29	25.188	25.389	24.7825	24.640500000000003
30-31	25.195	25.3745	24.625	24.8055
32-33	25.127	25.6045	24.729	24.5395
34-35	25.602999999999998	25.358999999999998	24.508499999999998	24.529500000000002
36-37	25.196	25.4025	24.767500000000002	24.634
38-39	25.255	25.3105	24.677	24.7575
40-41	25.339	25.1645	24.7115	24.785
42-43	24.9505	25.36	24.8775	24.812
44-45	25.2315	25.3545	24.7945	24.6195
46-47	25.338500000000003	25.4625	24.3145	24.884500000000003
48-49	25.1265	25.3545	24.6065	24.9125
50-51	25.116500000000002	25.125999999999998	24.942500000000003	24.815
52-53	25.4815	25.038	24.7315	24.749
54-55	25.3175	24.922	24.7635	24.997
56-57	25.1525	25.0235	24.861	24.962999999999997
58-59	25.535999999999998	24.932000000000002	24.676000000000002	24.856
60-61	25.283	25.0965	24.65	24.9705
62-63	25.401	24.9705	24.757	24.871499999999997
64-65	25.278499999999998	25.036	24.693	24.9925
66-67	25.323	25.196	24.4715	25.009500000000003
68-69	25.2415	25.148500000000002	24.6635	24.9465
70-71	25.692999999999998	24.8645	24.641	24.8015
72-73	25.441999999999997	24.813	24.566499999999998	25.1785
74-75	25.474999999999998	24.743000000000002	24.779999999999998	25.002000000000002
76-77	25.668000000000003	24.831	24.631	24.87
78-79	25.518	24.862000000000002	24.4835	25.1365
80-81	25.4255	24.8885	24.834	24.852
82-83	25.735000000000003	24.7215	24.5135	25.03
84-85	25.3965	24.528	24.959500000000002	25.116
86-87	25.092	24.89	24.921499999999998	25.0965
88-89	25.352999999999998	24.901	24.7385	25.0075
90-91	25.350499999999997	25.0175	24.3215	25.3105
92-93	25.686500000000002	24.7835	24.6495	24.8805
94-95	25.667	25.027	24.3115	24.9945
96-97	25.7505	24.7375	24.526500000000002	24.9855
98-99	25.668999999999997	24.848	24.481	25.002000000000002
100	25.705	24.698	24.277	25.319999999999997
>>END_MODULE
>>Per sequence GC content	pass
#GC Content	Count
0	0.0
1	0.0
2	0.0
3	0.0
4	0.0
5	0.5
6	0.5
7	0.0
8	0.0
9	0.0
10	0.0
11	0.0
12	0.5
13	1.5
14	2.5
15	3.5
16	4.5
17	5.0
18	4.0
19	6.0
20	10.0
21	15.0
22	27.0
23	32.0
24	42.0
25	58.0
26	83.5
27	121.0
28	170.5
29	253.5
30	340.5
31	416.5
32	516.0
33	655.5
34	780.0
35	941.5
36	1135.0
37	1283.5
38	1473.0
39	1685.5
40	1956.0
41	2240.5
42	2487.0
43	2804.0
44	3155.0
45	3429.5
46	3634.0
47	3902.5
48	4214.5
49	4390.5
50	4633.0
51	4832.5
52	4766.5
53	4655.0
54	4557.5
55	4440.0
56	4199.0
57	3906.0
58	3625.5
59	3329.5
60	2974.0
61	2576.5
62	2154.5
63	1756.5
64	1440.5
65	1127.0
66	835.5
67	611.0
68	436.5
69	298.5
70	198.5
71	127.5
72	83.0
73	56.0
74	31.0
75	14.5
76	13.0
77	14.0
78	8.5
79	5.5
80	3.5
81	1.5
82	2.0
83	1.5
84	1.5
85	1.5
86	0.5
87	0.0
88	0.0
89	0.0
90	0.0
91	0.0
92	0.0
93	0.0
94	0.0
95	0.0
96	0.0
97	0.0
98	0.0
99	0.0
100	0.0
>>END_MODULE
>>Per base N content	pass
#Base	N-Count
1	0.0
2	0.0
3	0.0
4	0.0
5	0.0
6	0.0
7	0.0
8	0.0
9	0.0
10-11	0.0
12-13	0.0
14-15	0.0
16-17	0.0
18-19	0.0
20-21	0.0
22-23	0.0
24-25	0.0
26-27	0.0
28-29	0.0
30-31	0.0
32-33	0.0
34-35	0.0
36-37	0.0
38-39	0.0
40-41	0.0
42-43	0.0
44-45	0.0
46-47	0.0
48-49	0.0
50-51	0.0
52-53	0.0
54-55	0.0
56-57	0.0
58-59	0.0
60-61	0.0
62-63	0.0
64-65	0.0
66-67	0.0
68-69	0.0
70-71	0.0
72-73	0.0
74-75	0.0
76-77	0.0
78-79	0.0
80-81	0.0
82-83	0.0
84-85	0.0
86-87	0.0
88-89	0.0
90-91	0.0
92-93	0.0
94-95	0.0
96-97	0.0
98-99	0.0
100	0.0
>>END_MODULE
>>Sequence Length Distribution	pass
#Length	Count
100	100000.0
>>END_MODULE
>>Sequence Duplication Levels	pass
#Total Deduplicated Percentage	89.739
#Duplication Level	Percentage of deduplicated	Percentage of total
1	93.46549437814106	83.875
2	5.030142970169046	9.028
3	0.7521813258449503	2.025
4	0.26967093459922664	0.968
5	0.14375020893925716	0.645
6	0.08803307369148308	0.47400000000000003
7	0.047916736313085725	0.301
8	0.03677330926353091	0.264
9	0.03231593844370898	0.261
>10	0.13149243918474687	2.017
>50	0.002228685409910964	0.14200000000000002
>100	0.0	0.0
>500	0.0	0.0
>1k	0.0	0.0
>5k	0.0	0.0
>10k+	0.0	0.0
>>END_MODULE
>>Overrepresented sequences	pass
>>END_MODULE
>>Adapter Content	pass
#Position	Illumina Universal Adapter	Illumina Small RNA 3' Adapter	Illumina Small RNA 5' Adapter	Nextera Transposase Sequence	SOLID Small RNA Adapter
1	0.0	0.0	0.0	0.0	0.0
2	0.0	0.0	0.0	0.0	0.0
3	0.0	0.0	0.0	0.0	0.0
4	0.0	0.0	0.0	0.0	0.0
5	0.0	0.0	0.0	0.0	0.0
6	0.0	0.0	0.0	0.0	0.0
7	0.0	0.0	0.0	0.0	0.0
8	0.0	0.0	0.0	0.0	0.0
9	0.0	0.0	0.0	0.0	0.0
10-11	0.0	0.0	0.0	0.0	0.0
12-13	0.0	0.0	0.0	0.0	0.0
14-15	0.0	0.0	0.0	0.0	0.0
16-17	0.0	0.0	0.0	0.0	0.0
18-19	0.0	0.0	0.0	0.0	0.0
20-21	0.0	0.0	0.0	0.0	0.0
22-23	0.0	0.0	0.0	0.0	0.0
24-25	0.0	0.0	0.0	0.0	0.0
26-27	0.0	0.0	0.0	0.0	0.0
28-29	0.0	0.0	0.0	0.0	0.0
30-31	0.0	0.0	0.0	0.0	0.0
32-33	0.0	0.0	0.0	0.0	0.0
34-35	0.0	0.0	0.0	0.0	0.0
36-37	0.0	0.0	0.0	0.0	0.0
38-39	0.0	0.0	0.0	0.0	0.0
40-41	0.0	0.0	0.0	0.0	0.0
42-43	0.0	0.0	0.0	0.0	0.0
44-45	0.0	0.0	0.0	0.0	0.0
46-47	0.0	0.0	0.0	0.0	0.0
48-49	0.0	0.0	0.0	0.0	0.0
50-51	0.0	0.0	0.0	0.0	0.0
52-53	0.0	0.0	0.0	0.0	0.0
54-55	0.0	0.0	0.0	0.0	0.0
56-57	0.0	0.0	0.0	0.0	0.0
58-59	0.0	0.0	0.0	0.0	0.0
60-61	0.0	0.0	0.0	0.0	0.0
62-63	0.0	0.0	0.0	0.0	0.0
64-65	0.0	0.0	0.0	0.0	0.0
66-67	0.0	0.0	0.0	0.0	0.0
68-69	0.0	0.0	0.0	0.0	0.0
70-71	0.0	0.0	0.0	0.0	0.0
72-73	0.0	0.0	0.0	0.0	0.0
74-75	0.0	0.0	0.0	0.0	0.0
76-77	0.0	0.0	0.0	0.0	0.0
78-79	0.0	0.0	0.0	0.0	0.0
80-81	0.0	0.0	0.0	0.0	0.0
82-83	0.0	0.0	0.0	0.0	0.0
84-85	0.0	0.0	0.0	0.0	0.0
86-87	0.0	0.0	0.0	0.0	0.0
88-89	0.0	0.0	0.0	0.0	0.0
>>END_MODULE
